3 0.3353096179183133 0.4308300395256921 0.3807641633728587 0.19762845849802363
1 0.48616600790513836 0.6495388669301713 0.16073781291172595 0.21870882740447947
3 0.5553359683794464 0.2187088274044796 0.10671936758893275 0.09749670619235846
1 0.40579710144927533 0.21409749670619235 0.1633728590250329 0.019762845849802382
3 0.6231884057971017 0.30039525691699603 0.04743083003952576 0.01844532279314885
3 0.6086956521739131 0.2766798418972332 0.03689064558629774 0.013175230566534921
3 0.18972332015810278 0.430171277997365 0.08959156785243742 0.009222661396574452
1 0.6436100131752305 0.52832674571805 0.17786561264822132 0.03162055335968383
1 0.5988142292490118 0.36429512516469037 0.11989459815546781 0.019762845849802348
3 0.1436100131752306 0.24505928853754916 0.2819499341238472 0.10540184453227926
3 0.025032938076416347 0.339262187088274 0.05006587615283269 0.05665349143610016
3 0.4505928853754941 0.17786561264822132 0.15019762845849796 0.03689064558629775
