0 0.14632454923717053 0.6518723994452145 0.06518723994452158 0.06380027739250989
0 0.22676837725381416 0.558252427184466 0.08460471567267681 0.09570041608876557
1 0.6359223300970875 0.4826629680998613 0.7253814147018031 0.06380027739251035
3 0.8321775312066575 0.6331484049930652 0.05825242718446603 0.03744798890429976
3 0.8162274618585298 0.3356449375866852 0.06796116504854367 0.024965325936199746
3 0.9431345353675451 0.32385575589459087 0.03606102635228851 0.009708737864077648
3 0.8938973647711512 0.28224687933425796 0.0346740638002774 0.012482662968099838
3 0.44937586685159503 0.6997226074895977 0.03328710124826635 0.023578363384188634
3 0.6754507628294035 0.6865464632454925 0.027739251040221832 0.01941747572815544
3 0.7371705963938973 0.7066574202496533 0.031900138696255166 0.012482662968099873
1 0.16504854368932037 0.3744798890429959 0.3300970873786408 0.027739251040221905
0 0.3883495145631068 0.3252427184466019 0.08599167822468794 0.07628294036061029
