0 0.6893656716417911 0.6576492537313433 0.13246268656716423 0.14365671641791045
0 0.8418843283582089 0.6072761194029852 0.06436567164179109 0.11194029850746269
1 0.5690298507462687 0.5848880597014925 0.11007462686567158 0.024253731343283534
1 0.4598880597014926 0.6049440298507462 0.09514925373134325 0.027052238805970175
1 0.44822761194029853 0.5769589552238806 0.12406716417910452 0.02518656716417908
1 0.5289179104477612 0.5214552238805971 0.18843283582089548 0.08395522388059704
1 0.27425373134328357 0.4500932835820896 0.3134328358208955 0.08115671641791046
1 0.05317164179104477 0.4305037313432835 0.10261194029850745 0.04384328358208954
0 0.1259328358208955 0.375 0.05223880597014927 0.07462686567164184
0 0.12126865671641791 0.31576492537313433 0.031716417910447756 0.034514925373134345
1 0.05503731343283582 0.33535447761194026 0.11007462686567164 0.013992537313432791
1 0.375 0.2630597014925373 0.49253731343283585 0.08395522388059697
