1 0.15438432835820895 0.2080223880597015 0.2975746268656716 0.052238805970149224
1 0.38992537313432835 0.20895522388059704 0.17350746268656717 0.03917910447761194
1 0.40298507462686567 0.27285447761194026 0.19589552238805974 0.09048507462686566
0 0.43003731343283585 0.4137126865671638 0.10074626865671626 0.20988805970149238
0 0.9253731343283582 0.28498134328358204 0.13805970149253724 0.11473880597014922
0 0.773320895522388 0.13899253731343283 0.17723880597014927 0.1455223880597015
1 0.9328358208955224 0.22061567164179102 0.12313432835820891 0.01958955223880597
1 0.7863805970149254 0.21875000000000008 0.1436567164179104 0.01585820895522386
0 0.9071828358208955 0.09934701492537312 0.18003731343283577 0.05317164179104476
0 0.9570874087740855 0.13711090039307752 0.08209383916824095 0.0410767066765302
