1 0.6301114728181414 0.543074065889233 0.46517483765681716 0.044300139394146315
1 0.4945984768639717 0.31958976472988065 0.37854435113725204 0.029916618502022884
1 0.6440615119164996 0.15298826199299623 0.5296446299255428 0.03301898820249543
1 0.07125675721619693 0.19393635467310372 0.14251351443239385 0.017985244619725903
0 0.06063432835820895 0.2943097014925373 0.10261194029850745 0.08675373134328353
0 0.23507462686567165 0.46595149253731344 0.12313432835820894 0.2751865671641791
0 0.1697761194029851 0.6455223880597015 0.041044776119403006 0.07089552238805971
0 0.3330177807884199 0.22845333544582616 0.08583011006495149 0.18265293954836853
1 0.26375489052071743 0.18560865729696335 0.17102369442390397 0.02219391454356007
0 0.8330647896879241 0.49308853459972873 0.07267639077340583 0.0996438263229309
0 0.5578358208955226 0.1259328358208956 0.03544776119403081 0.042910447761194244
0 0.6379671888491426 0.2348973109658319 0.12550881953867027 0.13568521031207592
0 0.5213627112372022 0.07885931910694458 0.026289009497964814 0.035617367706919936
