3 0.37572254335260163 0.6201357666474566 0.09479768786127195 0.034098694912953045
3 0.7990068386710293 0.5795635730820552 0.06061064304646669 0.019487182046694525
3 0.8878612716762965 0.5246643799543391 0.060115606936416086 0.016792820568087397
3 0.9616203096080967 0.532718575504049 0.04901371604392521 0.024628882030369184
3 0.20231206575502256 0.4824819500363355 0.09248566728019744 0.03317199174248701
0 0.30027709248730017 0.5544647109797023 0.14334647131406597 0.10568251114185295
0 0.1674013419750705 0.45596595191539485 0.03515831480827945 0.042680555340846776
0 0.46162589375900104 0.7326913880300144 0.14698118903280613 0.184541588801269
3 0.416030534351145 0.08069792802617232 0.08833151581243186 0.017448200654307522
3 0.19520174482006541 0.04689203925845147 0.08069792802617229 0.013086150490730634
