1 0.889933872777343 0.5734677268554718 0.21557644578927662 0.03115331656070454
1 0.3917113606228533 0.4690963604528608 0.5653983782681117 0.06304397715296041
1 0.3289810456811303 0.19642037534423618 0.5030645970570212 0.021521096113963398
1 0.7151644814158916 0.21981776765375902 0.2066101459810964 0.016646707299601632
0 0.7733208955223881 0.6399253731343283 0.09701492537313441 0.1436567164179104
0 0.7243470149253731 0.5060634328358209 0.08488805970149257 0.12033582089552233
0 0.6422574626865672 0.32882462686567165 0.09421641791044777 0.21361940298507462
0 0.5752244428677148 0.16231094617478903 0.05840045748521092 0.11057791540232575
0 0.9141791044776119 0.2882462686567165 0.17164179104477612 0.12500000000000003
0 0.7623964669025088 0.17895803808105107 0.10285949699332647 0.07397971514520023
0 0.03764261976505776 0.1955269938861959 0.05961894691113194 0.04264712990723304
0 0.16728274702695103 0.1264387031381444 0.08775425617612469 0.04207888513363356
