1 0.19916044776119401 0.39412313432835816 0.39832089552238803 0.04384328358208954
0 0.34654850746268656 0.5186567164179103 0.06809701492537315 0.13805970149253732
1 0.6077425373134326 0.3717350746268655 0.3610074626865673 0.04570895522388048
0 0.44051609486017235 0.27801631774234165 0.07506204046661366 0.2014300510824808
0 0.8908582089552247 0.4519589552238805 0.2033582089552258 0.2658582089552238
1 0.6156716417910447 0.28917910447761197 0.3059701492537313 0.03917910447761194
1 0.8987873134328359 0.31156716417910446 0.20242537313432835 0.027985074626865655
0 0.7458022388059701 0.2555970149253731 0.06996268656716424 0.09141791044776121
0 0.35634328358208955 0.13152985074626866 0.0764925373134329 0.0671641791044776
1 0.2541977611940298 0.16651119402985062 0.29944029850746273 0.02518656716417909
