0 0.8931902985074628 0.3661380597014926 0.023320895522387967 0.04757462686567168
1 0.8106343283582089 0.33535447761194037 0.16231343283582084 0.025186567164179056
3 0.6833022388059702 0.30923507462686567 0.08488805970149257 0.03638059701492533
0 0.6086753731343283 0.18376865671641793 0.0792910447761193 0.17723880597014927
1 0.7705223880597015 0.24300373134328349 0.27238805970149244 0.027052238805969964
3 0.9365573522320777 0.23779269837301 0.05466656200589824 0.03504266795249901
0 0.8104037476030814 0.15929712215941233 0.16960651289009476 0.1219484844746964
0 0.6756996268656718 0.06464552238805972 0.052332089552238725 0.034888059701492544
0 0.7901653286324695 0.11571705456121645 0.2984006860186511 0.16595395057906137
0 0.5639732544398074 0.05749161087760248 0.029065911864688952 0.05341605757610064
0 0.9626865671641796 0.29129918588873815 0.02713704206241446 0.06869063772048842
1 0.9262211668928088 0.29299525101763907 0.07462686567164184 0.02289687924016281
0 0.5526628222523745 0.5236601085481682 0.1501017639077341 0.31122795115332424
1 0.17274423337856176 0.6190637720488467 0.1602781546811398 0.04579375848032569
