3 0.2687861271676301 0.4754076438616168 0.0797687861271676 0.030870934345612985
3 0.20960335605210934 0.5009328358208954 0.044560434820119045 0.022858252092140284
3 0.20057803468208096 0.45241782445943424 0.04224829609179535 0.030607798583503477
3 0.1226948710206195 0.46386690104391326 0.05839336554223107 0.023448149426278916
3 0.14199324907255625 0.521184000517643 0.05946963161073237 0.033669441808299824
3 0.17199120006901902 0.34741879475455095 0.05727719782589944 0.025130489172633927
3 0.3191867612803037 0.34081722888447935 0.034825511172461326 0.01939004399965499
3 0.2863782490476974 0.32218120052086624 0.025924740416630013 0.011631091273316503
3 0.20751445086705267 0.23885660151579433 0.04739884393063585 0.017131416584149024
3 0.28959537572254335 0.1618500496609297 0.08208092485549132 0.017724816418552242
