3 0.2915717539863326 0.4498861047835991 0.06378132118451027 0.038724373576309715
3 0.31595165851796514 0.39863442133154875 0.04559890966215672 0.052390236633116205
3 0.3130410898161254 0.3588566490730716 0.035897013989357414 0.019403791345598692
0 0.9175644508089763 0.7979892276130494 0.0732139453832167 0.08886272760252285
0 0.8931531941133385 0.716116680187261 0.027668318879741492 0.04724218276806951
0 0.8203766851450821 0.6630612070162673 0.06372543656876645 0.07505767355674571
0 0.753339880625283 0.5683560836167275 0.029434381786958185 0.03134761660310934
0 0.7252300460187368 0.5303857311115491 0.02796266269761105 0.024283364974241408
0 0.6890993423752445 0.4929304802876437 0.022517302067023764 0.027962662697611194
0 0.6526007089594152 0.46864711531340236 0.050479964764634816 0.01707194143643619
0 0.8151577073442374 0.6127354898557489 0.016254147718568673 0.020787617490414405
0 0.7964156798728266 0.5921690172322539 0.01968189315581782 0.017691589353544188
0 0.780382677021177 0.5754172935631168 0.010393808745207168 0.010283236311747643
3 0.22922733047620925 0.5327783697311407 0.06233674156840586 0.033894121841376613
3 0.3173714388620529 0.33672308461992656 0.028631625920042047 0.009900655691977178
