1 0.5683371298405466 0.7881548974943052 0.6765375854214122 0.09111617312072895
0 0.6754767369104546 0.683691936641566 0.05922551252847366 0.471526195899772
2 0.258394499282882 0.6688270600571279 0.1483530390136314 0.10815827216738402
1 0.49088838268792706 0.37015945330296135 0.2209567198177676 0.01594533029612755
3 0.5465870605392246 0.41061033373106254 0.05944546889877184 0.02395415265574746
3 0.4191343963553531 0.40888382687927105 0.08200455580865601 0.02961275626423692
3 0.3348519362186788 0.44533029612756264 0.0501138952164009 0.02961275626423692
2 0.3252280917428979 0.5068352195345363 0.12198237938556904 0.07517385592556426
3 0.6264236902050113 0.38154897494305245 0.03189066059225518 0.01594533029612755
1 0.4748677248677249 0.5945767195767196 0.11640211640211633 0.05158730158730151
2 0.3134920634920635 0.5787037037037037 0.0687830687830688 0.05952380952380956
