1 0.48334690278996034 0.36565186247885884 0.14164815649566548 0.03232976675258585
1 0.41384278713120587 0.42734386663298224 0.08285677892142243 0.019966517329901262
0 0.9336675779275996 0.619631893922275 0.0924092727985253 0.0913497186409841
0 0.396739023048048 0.6379033878648681 0.0502194915871101 0.09335586464193564
1 0.3336293494824889 0.5553239213392657 0.03219005662143047 0.08384253250792682
1 0.6557721763021368 0.5821660300065044 0.42409761837248466 0.017955775452636356
1 0.7405272610268167 0.4289811545081939 0.18074823695263093 0.013140017225958615
1 0.13277366206666444 0.5425715528502799 0.08706920505281673 0.01327274467268552
0 0.15347914375605376 0.5738952302778176 0.0759200995277609 0.039287324231149084
0 0.20710103223370308 0.5148315164843672 0.05256006890383446 0.05760371187945495
0 0.1029357741566731 0.5179871777538883 0.030424184882963664 0.0313545880903937
1 0.29102072519528105 0.3856355168666725 0.09049598640467366 0.006515711021136568
