3 0.48747152619589856 0.8394280992942258 0.2004555808656028 0.07065574300758716
3 0.14578129164778744 0.6132654599545573 0.07745791784337196 0.05980236988804332
3 0.569308214053454 0.5686153813105702 0.2359579187038673 0.11922628199687464
3 0.2995444191343964 0.5284738041002278 0.27107061503416857 0.0501138952164009
0 0.7874351119485273 0.7623522180564355 0.07279631101378009 0.08924625168218916
3 0.7403819829024556 0.5826500813291393 0.043647456282798626 0.028803948138038105
0 0.8593549531941919 0.8106257169445539 0.06974516278383447 0.09145392206091665
0 0.7152538121233226 0.5399301777722242 0.022135096619520168 0.050734424995183075
3 0.6157438202408785 0.48361300716946287 0.07619958039817093 0.023114525673481125
3 0.47638911543132806 0.6713632151295356 0.08134589241930378 0.06074869530031337
0 0.7662609213015834 0.6273008567357458 0.043540910365460664 0.059184351215326884
0 0.6750960666818926 0.4871740837041976 0.02014685563997901 0.039582645786782465
1 0.559073880378719 0.454939114680231 0.057359283116175844 0.017776637329393382
0 0.6486681325188612 0.4497246343969424 0.0360273183209037 0.030101772544439385
