1 0.41571753986332566 0.8325740318906605 0.4851936218678815 0.06605922551252846
1 0.39977220956719817 0.5637813211845103 0.4123006833712984 0.11161731207289292
3 0.8029612756264237 0.5239179954441914 0.1571753986332574 0.0637813211845102
3 0.6583143507972664 0.5353075170842825 0.06833712984054657 0.05011389521640083
3 0.7266514806378132 0.42027334851936216 0.27334851936218685 0.07517084282460132
3 0.6503416856492027 0.3496583143507973 0.1207289293849658 0.05239179954441909
3 0.6070615034168566 0.265375854214123 0.09794988610478363 0.043280182232346254
3 0.4783599088838269 0.4806378132118451 0.15034168564920278 0.05011389521640098
0 0.6207289293849658 0.684510250569476 0.06605922551252853 0.19817767653758545
3 0.9066398186321345 0.6647775265065867 0.18672036273573098 0.06223357224283113
