3 0.4271070615034169 0.8542141230068337 0.08883826879271069 0.045558086560364475
3 0.7482915717539863 0.8712984054669703 0.08428246013667433 0.04328018223234608
3 0.755125284738041 0.5273348519362187 0.27562642369020485 0.1207289293849658
3 0.6457858769931663 0.42938496583143504 0.193621867881549 0.07517084282460139
3 0.7814556514582759 0.6966015123125798 0.0975935564717122 0.0495039779204339
3 0.7545820634443261 0.7871230719385158 0.1173951476398858 0.05516157539705475
3 0.2248894996956848 0.7114527056887101 0.0820351634110045 0.03960318233634709
3 0.1760927214598287 0.8337982511206391 0.060819172873675775 0.02970238675226014
3 0.7786268527199653 0.6364895391234817 0.0919359589950912 0.05940477350452042
2 0.42369020501138954 0.6252847380410023 0.30068337129840544 0.2710706150341685
