3 0.4068808073006075 0.5310952963890866 0.0506146655092789 0.017581936440065078
3 0.44151189422800885 0.5449477311600474 0.038893374549235415 0.01225407691277283
3 0.4457741818498428 0.5593329518837371 0.05274580932019596 0.019713080250982243
3 0.38903247788417744 0.568656706056499 0.057540882894759164 0.021311438109170168
3 0.5184994643973857 0.5441485522309533 0.07032774576026127 0.021311438109170026
3 0.5829665646776252 0.5476116609236936 0.04581959193471569 0.02077865215644067
3 0.6626464855658223 0.5570338339533357 0.06446710028023951 0.03281961468812192
3 0.8375867531444721 0.547949833459302 0.06270890663623291 0.021684388276080567
3 0.9511934673366835 0.5810929648241207 0.09761306532663312 0.034547738693467306
3 0.8526381909547739 0.5866206030150753 0.2763819095477388 0.062185929648241184
