0 0.4258793969849246 0.7952261306532662 0.08542713567839194 0.17085427135678388
0 0.882788644560696 0.7717730430309314 0.23442271087860508 0.2467270647574381
0 0.18317211055276383 0.7197675879396986 0.3207412060301508 0.156570351758794
0 0.36713026051460157 0.5376718271228819 0.050081879556549753 0.04102451836015227
1 0.6853071331097476 0.6240898482651993 0.34400289380538646 0.030422024622245004
1 0.7337939698492465 0.9162060301507541 0.135427135678392 0.027638190954773875
0 0.6862398434907635 0.598686136836495 0.03148280629763761 0.024701894171992648
0 0.35434797924343897 0.6173283188788189 0.025218268235869985 0.026419138151863707
0 0.3857707420452769 0.6049193297468829 0.01200869915993806 0.019213918655900813
0 0.3507453694954576 0.5740970019030419 0.011608409187940084 0.02401739831987612
