0 0.40731084402225426 0.7044368759212395 0.13561888775188677 0.19743146160592687
1 0.7690830207170396 0.617652449499746 0.10510413794749794 0.033420209762107314
1 0.8349547385090199 0.6224959581609206 0.0905736119639728 0.021795788975287566
1 0.8107371952031447 0.5718812926516418 0.09541712062514762 0.021311438109170026
1 0.7349362846557557 0.5653425559590554 0.06296561259527522 0.02082708724305249
1 0.9063305550813027 0.5844208313406561 0.06167199634536303 0.01484696208314297
0 0.7857200997544731 0.5093289004569594 0.021639260660952432 0.0358593462381495
0 0.8082867573008947 0.5424060560387008 0.0191662022997005 0.01792967311907482
0 0.8444765342062494 0.5562803687128846 0.02360646617558416 0.02473058361251695
0 0.6862974015232305 0.5410543975604777 0.029419038567007335 0.028061236786991586
1 0.5659294610704748 0.5415475715340063 0.0911147226972136 0.01968078010259795
0 0.6035205531056913 0.5319845638233186 0.03971571936270081 0.01881270917180565
1 0.4411708092467606 0.5360551783467646 0.10866123153535207 0.013582653941918892
0 0.41913895771707904 0.5114473019986931 0.03915715407660798 0.03320680223163329
1 0.48530349139116524 0.5162602450943022 0.054312071200629 0.011520742375890904
0 0.2931901363417485 0.5524618706226658 0.05498536133947965 0.031046156402563342
0 0.20510134317543924 0.545354919157019 0.0845353174334858 0.030298056248284695
