1 0.4736495388669302 0.5316205533596838 0.14361001317523056 0.03030303030303031
1 0.049407114624505935 0.5342555994729908 0.09881422924901186 0.04874835309617922
0 0.1442687747035573 0.24242424242424243 0.2885375494071146 0.17918313570487487
1 0.533596837944664 0.2727272727272726 0.2318840579710144 0.013175230566534907
0 0.43214756258234516 0.2865612648221344 0.028985507246376798 0.069828722002635
3 0.5652173913043478 0.24637681159420288 0.10013175230566539 0.03162055335968383
3 0.4110671936758894 0.43741765480895917 0.04479578392621868 0.026350461133069842
1 0.38603425559947296 0.1567852437417654 0.18445322793148872 0.018445322793148883
3 0.23122529644268774 0.39657444005270087 0.05665349143610012 0.03425559947299078
3 0.4907773386034257 0.34321475625823444 0.05665349143610007 0.035573122529644334
