1 0.12187088274044794 0.6172595520421607 0.23847167325428187 0.04874835309617926
1 0.6040843214756256 0.6126482213438735 0.5283267457180495 0.05533596837944667
3 0.07839262187088275 0.48616600790513836 0.054018445322793145 0.015810276679841875
3 0.06426226382507817 0.3908551922103979 0.037326748812332625 0.02135216543442885
3 0.11308904725454287 0.28880799430703624 0.0509311447683897 0.017524694974069426
3 0.2223445674835082 0.2707356526150275 0.1686751891254199 0.031763509640501106
3 0.06319332920718637 0.25897730079419345 0.12638665841437274 0.025310659544747698
3 0.011726469918317613 0.34611946845319436 0.023452939836635225 0.0172811135638365
3 0.21909983268435546 0.22474021842148573 0.10738977714669815 0.01645820339412999
3 0.19214952462646756 0.24510724512172163 0.0551349813703354 0.01851547881839629
3 0.042997056367164575 0.235026595542817 0.024275850006341707 0.018104023733542963
3 0.07632491824027779 0.21260229341831485 0.02592167034575475 0.011109287291037752
1 0.312304823516969 0.1222759578596605 0.15314562590947656 0.021648858112857924
3 0.3904812555911782 0.08499181333196076 0.08659543245143184 0.040090477986773954
