3 0.04216073781291173 0.4631093544137022 0.03425559947299078 0.02503293807641633
3 0.10408432147562582 0.4584980237154151 0.04479578392621872 0.026350461133069842
1 0.1461804393390209 0.36378815265083814 0.036412729427431755 0.042490344800036904
3 0.35507246376811596 0.4591567852437417 0.025032938076416256 0.02503293807641633
3 0.3430920235987462 0.323451910408432 0.03318354173531434 0.022397891963109304
3 0.26556806498063673 0.3227931488801054 0.033487119764263516 0.01581027667984193
3 0.37008195282296313 0.2870742921296065 0.03568329315596884 0.012174300017918754
1 0.3600852272727273 0.22727272727272727 0.5752840909090908 0.028409090909090898
0 0.03906250000000001 0.25639204545454547 0.06960227272727273 0.05255681818181816
0 0.1534090909090909 0.1818181818181818 0.09090909090909091 0.05965909090909092
3 0.2885375494071145 0.15085638998682482 0.17654808959156792 0.05665349143610019
