3 0.6333643122676578 0.14033457249070633 0.06412639405204461 0.033457249070632
1 0.5511152416356877 0.12128252788104088 0.0966542750929367 0.02137546468401487
1 0.5023234200743495 0.3819702602230483 0.9953531598513011 0.07063197026022308
2 0.16868029739776955 0.22676579925650542 0.3373605947955391 0.12267657992565048
1 0.48605947955390333 0.19144981412639403 0.28996282527881034 0.026022304832713738
3 0.5580855018587361 0.16171003717472118 0.08271375464684012 0.026022304832713755
0 0.42100371747211895 0.2342007434944238 0.06877323420074355 0.05390334572490705
3 0.3197026022304833 0.11198884758364311 0.07063197026022298 0.03996282527881041
3 0.400092936802974 0.116635687732342 0.07899628252788105 0.025092936802973986
1 0.14405204460966542 0.08596654275092938 0.2788104089219331 0.025092936802973986
