1 0.5023234200743494 0.3866171003717471 0.995353159851301 0.08178438661710011
2 0.2211895910780669 0.22676579925650558 0.43680297397769513 0.1338289962825279
3 0.6482342007434945 0.13940520446096655 0.07713754646840158 0.04460966542750928
3 0.5641263940520446 0.125 0.09293680297397777 0.01951672862453531
3 0.5697026022304833 0.16728624535315986 0.07992565055762078 0.03159851301115243
3 0.5678438661710037 0.19749070631970259 0.1152416356877324 0.015799256505576197
1 0.26115241635687725 0.18262081784386575 0.4925650557620817 0.03066914498141252
1 0.687732342007435 0.3155204460966543 0.4814126394052045 0.05111524163568777
1 0.6259293680297398 0.2253717472118959 0.36152416356877326 0.04553903345724905
1 0.1607806691449814 0.05947955390334572 0.31226765799256506 0.03717472118959107
3 0.3424721189591078 0.11617100371747213 0.054832713754646926 0.04089219330855018
3 0.4014869888475836 0.11570631970260223 0.04832713754646839 0.026951672862453542
1 0.15566914498141257 0.11617100371747212 0.31133828996282514 0.03159851301115239
