1 0.6013667425968109 0.6662870159453302 0.45102505694760814 0.034168564920273356
1 0.33371298405466965 0.4111617312072893 0.6583143507972664 0.04783599088838272
3 0.2870159453302961 0.5444191343963554 0.07744874715261957 0.0455580865603644
3 0.3952164009111618 0.33371298405466976 0.05694760820045559 0.052391799544419124
3 0.15148063781321183 0.5318906605922552 0.08883826879271069 0.04328018223234622
1 0.33495548696812966 0.1973730028775735 0.44103543965477343 0.02185889934149021
1 0.28545150904769584 0.13243921365726433 0.13115339604894133 0.010286540866583618
1 0.44296416606725786 0.1407970281113635 0.14786902495713974 0.00900072325826068
3 0.3773874680427871 0.21730317580657932 0.02185889934149017 0.007714905649937726
3 0.3992463673842774 0.16522756266949964 0.04243198107465752 0.011572358474906555
3 0.41531908748831425 0.12665303441981102 0.05400433954956412 0.014143993691552517
3 0.2912376882851492 0.14529738974049386 0.027002169774782026 0.012858176083229526
