1 0.16227461858529824 0.5291262135922331 0.32454923717059647 0.04299583911234388
1 0.34188626907073505 0.4604715672676838 0.5145631067961165 0.04715672676837726
1 0.8307905686546462 0.5201109570041609 0.2635228848821082 0.05270457697642165
1 0.8647711511789182 0.35852981969486825 0.2704576976421636 0.031900138696255166
1 0.8321775312066575 0.2711511789181692 0.2857142857142857 0.01803051317614422
0 0.030513176144244106 0.21220527045769763 0.05547850208044383 0.05270457697642165
0 0.031206657420249643 0.15048543689320393 0.059639389736477096 0.0402219140083218
0 0.2191400832177531 0.09361997226074897 0.06934812760055478 0.03190013869625521
1 0.49583911234396666 0.515256588072122 0.23162274618585293 0.05131761442441054
0 0.653259361997226 0.6511789181692095 0.05270457697642158 0.18446601941747573
0 0.877253814147018 0.6095700416088766 0.07073509015256604 0.12621359223300976
0 0.7926490984743413 0.4604715672676838 0.04299583911234393 0.06102635228848825
