1 0.6556691449814127 0.6449814126394051 0.6886617100371748 0.03903345724907055
0 0.7312592485653445 0.5639684917168947 0.08736059479553901 0.16078066914498146
0 0.17374219511314834 0.4744694481538962 0.09386617100371747 0.1263940520446097
1 0.391728624535316 0.37732342007434944 0.7574349442379184 0.06319702602230479
3 0.1050930270328798 0.14869888475836432 0.19159869347096406 0.08550185873605949
1 0.41078066914498135 0.3034386617100372 0.2230483271375464 0.026951672862453542
1 0.58317843866171 0.32853159851301117 0.13289962825278814 0.03810408921933085
1 0.14591078066914498 0.29646840148698883 0.29182156133828996 0.03159851301115239
3 0.841542750929368 0.9735130111524163 0.3113382899628252 0.052973977695167346
3 0.46177184466019416 0.20266990291262135 0.23907766990291265 0.1407766990291262
