1 0.860693641618497 0.9491329479768785 0.27861271676300575 0.06011560693641613
1 0.4132947976878616 0.9502890176265472 0.5052023121387287 0.0924855485619351
0 0.8977961787093527 0.7189877093700129 0.278878032195365 0.059230736125461085
0 0.7346820809248555 0.8346820809248555 0.13526011560693632 0.1225433526011561
1 0.815028901734104 0.5283236994219652 0.36531791907514455 0.04393063583815028
1 0.5208092485549133 0.33526011560693647 0.17687861271676297 0.03468208092485547
0 0.38381502890173436 0.2843930639916813 0.07861271600275385 0.104046241958834
1 0.20867052023121388 0.3751445086705202 0.35953757225433525 0.03815028901734102
1 0.26589595375722547 0.4606936416184971 0.27283236994219656 0.04046242774566473
1 0.34161849710982656 0.5265895953757225 0.1930635838150289 0.03583815028901739
