0 0.1100131752305665 0.4571805006587617 0.09354413702239783 0.08168642951251623
3 0.040184453227931495 0.5046113306982872 0.08036890645586299 0.044795783926218684
1 0.30566534914361 0.4249011857707509 0.3241106719367589 0.04874835309617914
3 0.44400527009222657 0.47891963109354413 0.09222661396574444 0.051383399209486244
3 0.44664031620553357 0.3353096179183136 0.08959156785243749 0.027667984189723355
3 0.24176548089591562 0.3998682476943346 0.06192358366271418 0.019762845849802375
1 0.46969696969696967 0.6712779973649539 0.18577075098814227 0.03820816864295125
0 0.1277997364953887 0.2417654808959157 0.2529644268774704 0.14888010540184454
3 0.28129117259552044 0.15810276679841898 0.04874835309617914 0.02371541501976285
0 0.33135704874835314 0.11989459815546773 0.06192358366271425 0.04479578392621869
1 0.5270092226613966 0.22134387351778656 0.15546772068511194 0.03162055335968375
