3 0.18786127167630057 0.4578034682080924 0.0936416184971098 0.046242774566473986
3 0.14797687861271677 0.5040462427745664 0.07167630057803466 0.03930635838150295
3 0.42427746981955095 0.436994219449246 0.06936417063114549 0.05317919034357877
3 0.3011560693641619 0.14393063583815027 0.04046242774566473 0.015028901734104068
3 0.31156069364161854 0.17341040462427745 0.045086705202312095 0.020809248554913253
3 0.3184971098265896 0.20578034682080926 0.02658959537572251 0.01618497109826592
3 0.3382169048020824 0.2173618761630691 0.02321290281692046 0.012068058055197632
3 0.3882260927098213 0.20762048418489917 0.03617968721873197 0.007069594054234969
3 0.3483036792270825 0.20242225326266763 0.02037706521514785 0.011228178792020281
3 0.36171511500644 0.21396232591002173 0.020169135978258694 0.007693381764902796
