3 0.40382081686429516 0.5204216073781291 0.05928853754940711 0.03425559947299078
3 0.1238471673254282 0.6047430830039526 0.06851119894598157 0.03689064558629766
3 0.04874835309617918 0.6040843214756259 0.07378129117259552 0.13570487483530955
3 0.1824769433465086 0.42094861660079047 0.07246376811594209 0.061923583662713985
3 0.41699604743083013 0.4321475625823455 0.07246376811594185 0.06324110671936804
1 0.1284584980237154 0.28129117259552044 0.2569169960474308 0.02503293807641633
1 0.20685111989459806 0.1548089591567852 0.21343873517786544 0.1067193675889328
0 0.055335968379446626 0.24242424242424218 0.11067193675889325 0.021080368906455805
0 0.2727272727272727 0.29117259552042163 0.1343873517786561 0.12121212121212128
3 0.3570487483530962 0.09749670619235835 0.07641633728590254 0.026350461133069825
