3 0.14163372859025028 0.24374176548089593 0.09617918313570493 0.05006587615283253
3 0.27667984189723327 0.24571805006587613 0.10013175230566523 0.046113306982872145
3 0.4242424242424242 0.24374176548089593 0.14229249011857703 0.06851119894598157
0 0.04940711462450591 0.303030303030303 0.09881422924901181 0.07378129117259553
0 0.2661396574440053 0.15942028985507245 0.1686429512516469 0.10013175230566537
3 0.34057971014492744 0.12977602108036906 0.06719367588932802 0.035573122529644244
3 0.61133069828722 0.40579710144927533 0.05797101449275353 0.039525691699604765
3 0.5974967061923583 0.24637681159420285 0.08827404479578391 0.06851119894598157
3 0.47562582345191046 0.3293807641633728 0.15019762845849804 0.04216073781291172
1 0.49472990777338594 0.40645586297760206 0.16205533596837945 0.02766798418972335
1 0.20487483530961792 0.5138339920948616 0.40974967061923584 0.03689064558629774
1 0.714756258234519 0.5790513833992095 0.5125164690382082 0.05665349143610007
3 0.10342555994729906 0.6521739130434782 0.15942028985507245 0.10013175230566546
