3 0.8056653491436101 0.7832674571805001 0.12779973649538856 0.11462450592885365
3 0.9354413702239792 0.7602108036890627 0.12911725955204154 0.06324110671936756
0 0.7285902503293807 0.6488801054018444 0.1343873517786562 0.1673254281949936
0 0.3451910408432148 0.6501976284584982 0.07114624505928852 0.15942028985507242
1 0.2411067193675889 0.5836627140974966 0.1686429512516469 0.03425559947299071
0 0.6198945981554675 0.5204216073781291 0.03293807641633726 0.08959156785243741
0 0.9446640316205532 0.5375494071146245 0.044795783926218746 0.03425559947299071
3 0.8847167325428194 0.48682476943346514 0.08300395256916986 0.040843214756258205
0 0.39459815546772076 0.4235836627140975 0.12779973649538867 0.10935441370223976
0 0.7924901185770747 0.8689064558629777 0.03820816864295139 0.061923583662714145
