0 0.4486772486772487 0.8052910052910053 0.12698412698412695 0.11640211640211647
0 0.3280121427242526 0.6049125980961225 0.03088180125267779 0.11367131099389846
0 0.43404015226424064 0.46731363052829167 0.01563268081118629 0.030958838469212182
0 0.6386243386243389 0.5507936507936511 0.15132275132275141 0.21481481481481488
0 0.7740740740740741 0.7370370370370369 0.10476190476190467 0.17248677248677255
0 0.6719576719576719 0.783068783068783 0.0677248677248678 0.1439153439153439
0 0.46031746031746024 0.491005291005291 0.0317460317460317 0.03597883597883602
0 0.5399270509467801 0.40388482585854535 0.027446083133992688 0.03820198057839512
0 0.3607503607503606 0.8018278018278019 0.03559403559403563 0.08754208754208762
3 0.3782942160994562 0.7401268503997045 0.02567024737661902 0.026163905980014803
3 0.36002884777378513 0.6939697709821295 0.030606833410585708 0.029619516203792672
