0 0.6873015873015873 0.8380952380952381 0.08148148148148153 0.08465608465608454
0 0.585251036295736 0.7728561839383877 0.05131635484753408 0.06577166607219195
0 0.2857142857142859 0.8222222222222223 0.0656084656084656 0.08042328042328037
0 0.30218655945278955 0.7461836203497909 0.050441450084094584 0.038201980578395196
0 0.34279934463079215 0.7534160341486132 0.01594839965894174 0.03634751550177384
0 0.7583615741910602 0.7321518450195993 0.10870610870610875 0.14911014911014916
0 0.7993842026931965 0.6907547574841856 0.06630328702218975 0.13260657404437942
0 0.3758919378754089 0.5268861836088434 0.04929261127608235 0.14549270747617846
0 0.5380406138387239 0.5017415619284367 0.11708802091972637 0.13587992551178132
0 0.6591038453452314 0.6611113681802866 0.036861043622876795 0.07299932168452074
0 0.36697150959132974 0.4023118342171881 0.02002822282750813 0.04228180374696158
0 0.4587675308840754 0.40379540627848504 0.020399115842832317 0.02892965519528957
