0 0.6634920634920636 0.6354497354497355 0.11640211640211647 0.08783068783068777
0 0.33597883597883593 0.6365079365079365 0.04550264550264551 0.14920634920634923
0 0.2619047619047619 0.6047619047619047 0.0962962962962963 0.09206349206349201
0 0.20634920634920637 0.7031746031746033 0.0380952380952381 0.062433862433862404
0 0.3347333531706934 0.5369495126436599 0.03859512717463879 0.044878054854231166
0 0.3015235925785623 0.4572909652773995 0.022439027427115583 0.05609756856778901
0 0.4078845825830902 0.4438275488211302 0.017951221941692522 0.034556102237758
0 0.5512699678423588 0.42946657126777615 0.019297563587319502 0.029170735655250298
1 0.45957409593773235 0.4105199940333245 0.06559097468188377 0.016616380252743854
0 0.6908915999825092 0.7275430383290962 0.05597096506187413 0.06121824303642484
