0 0.3345253145845007 0.4701310146951577 0.08590712119633595 0.2790334252191323
1 0.1526576019777503 0.6180469715698392 0.2978986402966626 0.0321384425216317
1 0.5970333745364647 0.6050679851668727 0.38318912237330033 0.05809641532756494
3 0.8473423980222498 0.596415327564895 0.11495673671199015 0.04820766378244741
0 0.8127317676143386 0.4740420271940667 0.15945611866501863 0.0902348578491965
0 0.7694684796044499 0.38442521631644 0.0877626699629171 0.08405438813349811
0 0.9079110012360939 0.3800988875154512 0.1792336217552534 0.07787391841779978
1 0.9517923362175524 0.503708281829419 0.09641532756489499 0.04820766378244747
0 0.7469332147079393 0.3085526370778034 0.149520003640487 0.05479304481235232
0 0.593234080530917 0.18317872098174284 0.10029913287684827 0.14580522094134443
1 0.811495673671199 0.24412855377008655 0.2904820766378245 0.07787391841779975
1 0.49443757725587145 0.31644004944375775 0.26205191594561184 0.056860321384425275
