3 0.7339089570351767 0.33665257876227295 0.13490881343428607 0.18375001055888882
1 0.5234857849196538 0.4215080346106304 0.41656365883807167 0.03708281829419036
1 0.19839307787391847 0.43263288009888723 0.1520395550061805 0.0543881334981464
1 0.13411619283065512 0.29295426452410384 0.26823238566131025 0.049443757725587185
1 0.04882571075401731 0.4184177997527812 0.09765142150803462 0.04573547589616808
1 0.04326328800988875 0.4703337453646478 0.0865265760197775 0.04573547589616815
0 0.030902348578491966 0.546353522867738 0.06180469715698393 0.10135970333745363
0 0.526032707815875 0.21963316180981793 0.04801356638641728 0.06129391453585182
0 0.4049772266075676 0.3090201205079352 0.09602713277283442 0.08478991510792831
0 0.3145687026671861 0.36163073048454136 0.07253113220075796 0.09398400228830614
1 0.48414853288304316 0.26049577150038583 0.09909182849962685 0.026560696298869195
1 0.2553179186158627 0.16549020396981548 0.21759339660227398 0.04086260969056786
0 0.0550061804697157 0.16440049443757723 0.10754017305315204 0.056860321384425226
