3 0.5290482076637827 0.49384627946985943 0.08438664117516165 0.034644418852825744
3 0.35840811373190573 0.438690866701769 0.06755999560750198 0.03847659164693326
2 0.45216400911161725 0.6765375854214122 0.111617312072893 0.15034168564920278
1 0.17093546707207835 0.45651281002090827 0.2172399745879246 0.0718592959795869
1 0.7788138003271847 0.41724505914385673 0.29188992850928164 0.1116708104440073
3 0.3769931662870156 0.2730707169199465 0.029824324116542397 0.02520381655626242
1 0.1973904115886361 0.31681087762669985 0.2803655160436819 0.02581291054153174
1 0.6008019287151778 0.30117786472433083 0.3667746120605998 0.03398543247964469
3 0.42558714462299135 0.4684177997527812 0.06526576019777501 0.050309023485784934
3 0.892459826946848 0.6847960444993819 0.07663782447466011 0.09394313967861544
