2 0.4034551500629312 0.3095922579409883 0.21224493243718898 0.10003069117079766
1 0.6069221260815821 0.3559950556242275 0.19035846724351038 0.03461063040791096
1 0.14585908529048208 0.33683559950556247 0.29171817058096416 0.028430160692212568
1 0.18360826781835654 0.30598094256761255 0.23393844047850113 0.028603826783397502
3 0.1127509829499524 0.26020935265657535 0.04036528629750473 0.01258138793688449
3 0.1368653098289812 0.18445891278658272 0.05084977624490854 0.020444755397437467
0 0.08218956721852858 0.20173080570438104 0.05293565346278111 0.026003478893997744
0 0.15091304715266543 0.1357934127946011 0.07150956695849377 0.04086260969056786
3 0.620833058594196 0.2709186334759107 0.05479304481235246 0.017645217820927036
3 0.6253832236147148 0.2374433900842211 0.031193523810457577 0.017329735450254232
