3 0.7887729444658744 0.45083077338934674 0.07232698204425732 0.05675332464219432
3 0.0966518466792998 0.45499801492886144 0.06690675233914586 0.03280858001244549
1 0.3046971569839308 0.5865265760197775 0.22373300370828184 0.033374536464771294
1 0.8381840656253513 0.5676332595071198 0.16855826497359247 0.02696932239577478
0 0.6034630884101739 0.2542678382372579 0.0468690572404603 0.077983809526144
1 0.4155090479261591 0.19416389432307235 0.12004740989777375 0.022541653386918162
1 0.5371291313160435 0.1690011184493032 0.0760125521186778 0.018347857407956684
0 0.48601724282244974 0.16716633270850756 0.026211224868509575 0.02725967386324992
1 0.5269067536173249 0.20674528225995645 0.09121506254241327 0.013105612434254739
1 0.48260978358954354 0.12916005664916871 0.09069083804504302 0.01939630640269707
1 0.7787673096028511 0.10409524433716397 0.1625217430874858 0.016716522146141416
1 0.7184020907417848 0.12220480999548383 0.1606643517379146 0.025074783219212086
