1 0.8715278853220183 0.23462414578587712 0.21880270645443797 0.03189066059225518
2 0.12101359703337453 0.5547589616810877 0.13053152039555005 0.21483312731767618
1 0.37595797280593324 0.49629171817058093 0.17812113720642775 0.03807169344870211
2 0.2627675614365279 0.45878281590560716 0.08931107916796474 0.07535622304797024
1 0.17266210208393246 0.4881368557540157 0.0956556545029202 0.03900521834099643
2 0.6695142880942467 0.4458812025512698 0.17180869983534275 0.09937043720206319
3 0.7085195064352431 0.5146046824854064 0.04922087076363851 0.034361739967068414
2 0.3837095708255239 0.257449129741836 0.16999552000720564 0.09641536955632553
1 0.5896168108776267 0.24783683559950556 0.31891223733003704 0.0358467243510507
0 0.5401730531520396 0.27132262051915945 0.04449938195302835 0.04573547589616812
1 0.5290482076637822 0.2855377008652658 0.16810877626699613 0.027194066749073008
0 0.27132262051915945 0.12793572311495674 0.048207663782447445 0.043263288009888774
0 0.2688504326328801 0.17243510506798515 0.05315203955500618 0.06798516687268231
1 0.1711990111248455 0.30407911001236093 0.3325092707045736 0.04449938195302845
0 0.9573547589616811 0.4517923362175526 0.030902348578491966 0.06056860321384427
1 0.7200247218788627 0.6483312731767614 0.10754017305315201 0.0605686032138442
1 0.818294190358467 0.4678615574783683 0.15327564894932103 0.050679851668726884
