3 0.17510720792001144 0.5292241891477147 0.11500741937936253 0.05422763838480003
3 0.19235902475285152 0.3588938226275584 0.10109221148187662 0.04564537337639471
3 0.37479811805874474 0.29555561945799763 0.05118297499925481 0.039546703955532704
3 0.25512528473804097 0.2334851936218679 0.06833712984054671 0.02961275626423692
1 0.23234624145785868 0.19414277307398828 0.46469248291571735 0.035404658863412874
3 0.226823238566131 0.5704573547589618 0.04573547589616813 0.03584672435105063
3 0.30531520395550066 0.34857849196538937 0.06922126081582199 0.024721878862793575
3 0.25868310507248554 0.309875012822916 0.10614462963280726 0.045923798943173715
3 0.4233155918499009 0.2663340525041522 0.05415542328204452 0.03682568783179029
3 0.32323636962468255 0.2589689149377941 0.07755056613988778 0.01776297883651058
3 0.3773917929067271 0.25831904985840964 0.02989379365168851 0.0199291957677924
0 0.4592513277227315 0.19585896360098454 0.03335974074173937 0.10632237345083141
