2 0.4418514941531905 0.15698956218622506 0.21541259914796837 0.04426849424610926
3 0.9281136755915093 0.4147109257752337 0.07896641147005118 0.03515687693403615
3 0.6830853268132813 0.3883826879271076 0.058064482167819946 0.025950446782091876
1 0.2781211372064277 0.326946847960445 0.11372064276885045 0.025957972805933274
0 0.1903584672435105 0.25030902348578493 0.07911001236093944 0.10754017305315205
1 0.11928306551297899 0.2373300370828183 0.10259579728059333 0.019777503090234846
1 0.3800988875154512 0.2200247218788628 0.39184177997527814 0.05438813349814588
1 0.7775030902348579 0.20519159456118666 0.14833127317676145 0.04697156983930778
1 0.6594561186650185 0.14091470951792334 0.273176761433869 0.03461063040791098
1 0.09021914821946173 0.19097651421508033 0.13346672659961573 0.02348578491965385
0 0.2824356607443218 0.09371383627382297 0.043057708558242994 0.027016601448309335
0 0.29172261749217815 0.12241897531265167 0.05318893410135896 0.035459289400905994
