2 0.21802838792513632 0.506319847050972 0.1819901957195677 0.09967591249919087
0 0.10012360939431396 0.3152039555006181 0.0469715698393078 0.16563658838071693
3 0.37577255871446225 0.5642768850432632 0.20519159456118666 0.07787391841779978
3 0.6990111248454882 0.6909765142150803 0.08529048207663777 0.0642768850432634
3 0.7824474660074165 0.7095179233621756 0.07911001236093938 0.034610630407911035
3 0.42645241038318915 0.7144622991347344 0.06427688504326333 0.06674907292954259
2 0.5210135970333745 0.7113720642768849 0.14956736711990107 0.07787391841779984
3 0.6266996291718171 0.5815822002472189 0.046971569839307746 0.05315203955500614
3 0.5946660860383761 0.5320143705501768 0.12605811252319274 0.0497130584598508
3 0.49304175523589955 0.4527391414579964 0.060365218861066126 0.028789565918354684
3 0.948702101359703 0.4524103831891225 0.10259579728059313 0.03955500618047006
3 0.8059332509270705 0.47775030902348575 0.05933250927070475 0.040791100123609356
2 0.8286324306101811 0.6410832677828967 0.16631082144061138 0.0854028542532869
3 0.6160856245345009 0.655478017504144 0.05137924298725238 0.0780203319436054
