1 0.6008106411075849 0.692447719420753 0.3803030260368124 0.06424028089460637
0 0.17594224470060227 0.43444412940994026 0.06125694753868419 0.27223975958871477
1 0.46241457858769935 0.2870159453302961 0.3325740318906607 0.04100227790432804
0 0.2670403070470144 0.5509062139924453 0.10466142089995867 0.10402710925814077
1 0.6024616426201548 0.35708070924096547 0.20443864215791932 0.027211969433989226
1 0.7200313054311084 0.4387166175429331 0.08512462233196644 0.021630026985991507
0 0.1822856152680382 0.27660173981032243 0.018872081905326896 0.04193795978961521
1 0.21740865659184103 0.2524874129312936 0.06290693968442294 0.018872081905326823
1 0.3374560664896147 0.23676067801018788 0.17823632910586493 0.03040502084747107
0 0.22420666037781942 0.20889330833079803 0.050019918231415626 0.06774351130553931
3 0.8876062850704333 0.6613102595797282 0.09664007191819309 0.09326890661872139
