1 0.4227441285537701 0.3584672435105068 0.19283065512978978 0.03213844252163163
0 0.5596675977488988 0.29384035928128227 0.04583973586580493 0.10068952638106492
1 0.4967159834335412 0.29849432120658115 0.117712228045852 0.016679870370869737
1 0.13782447466007414 0.215080346106304 0.2756489493201483 0.03213844252163162
1 0.22311495673671197 0.13040791100123608 0.09270704573547586 0.025957972805933257
1 0.05995055624227441 0.134734239802225 0.11990111248454882 0.01977750309023488
1 0.8783683559950555 0.13868974042027196 0.0788627935723118 0.032632880098887554
1 0.926266996291718 0.17200247218788625 0.14746600741656365 0.02583436341161928
1 0.8790482076637823 0.1971569839307787 0.23250927070457364 0.024474660074165655
1 0.5501959241215834 0.0972074693906039 0.06768105218197328 0.011163884895995579
0 0.6014800203625631 0.11744201076459593 0.034887140299986186 0.03628262591198569
0 0.5153087838215972 0.06092484347861824 0.016048084537993574 0.06419233815197463
1 0.5309807185343625 0.20133696219310765 0.10437309742640463 0.022489230937181318
0 0.4848489627657859 0.22930433912780743 0.02133593704296672 0.042671874085933544
1 0.42285941595176085 0.16933305662865755 0.07150422144129415 0.026525759566931643
1 0.3222496909765142 0.1910383189122373 0.09517923362175519 0.03671199011124848
0 0.6254635352286774 0.3548825710754017 0.1006180469715698 0.059826946847960444
1 0.6961681087762669 0.28485784919653895 0.24474660074165647 0.025834363411619314
