0 0.34790976232644705 0.3994807842298064 0.15350372095249606 0.4175801278892641
1 0.4647713226205192 0.3751545117428925 0.19283065512978992 0.05562422744128554
1 0.8538936959208896 0.34332509270704575 0.28281829419035853 0.02311495673671201
1 0.8382926755291813 0.31510729411091254 0.3196014202796237 0.05913918649129417
1 0.7031629803906935 0.26749472404560004 0.15443637445898845 0.04381173743517401
1 0.6949482796215983 0.21245622889266272 0.17415165630481674 0.049835851332510436
1 0.7061750373393617 0.16618008122676017 0.21741574702205121 0.041621150563415324
0 0.556041254012704 0.12519085024400514 0.07683901372857051 0.10245201830476053
1 0.7315970562120074 0.334363720949558 0.09711597568472101 0.03841950686428522
3 0.7267946178539717 0.6950802020642359 0.10031760125674466 0.046957175056348464
