3 0.9464692482915713 0.4850345346064071 0.10706150341685651 0.09030243473902695
3 0.9666254635352286 0.4177997527812114 0.06674907292954274 0.03213844252163163
0 0.6477694122935164 0.5233785205692161 0.1037195190470843 0.3055297326563759
0 0.5309789659716619 0.4111289317492261 0.14199756867472332 0.10419965471094811
3 0.4267793112607138 0.5056237166586642 0.062315479778116016 0.09909182849962718
0 0.13515625 0.36171875 0.0515625 0.0828125
1 0.05859375 0.32578125 0.1140625 0.0265625
0 0.48125 0.12265625 0.059375000000000074 0.0796875
1 0.85703125 0.14453125 0.2859375 0.032812500000000015
1 0.359375 0.1703125 0.675 0.05312500000000002
0 0.28515625 0.22421875 0.05156249999999993 0.0765625
1 0.075 0.42265625 0.146875 0.0484375
1 0.2640625 0.38515625 0.215625 0.0484375
