3 0.40723241663405113 0.490903869058513 0.20109192991150246 0.059202986898530735
3 0.07790770686271467 0.5059242406750929 0.15397957488504876 0.07335189820667817
3 0.24777911367277575 0.38708464850162294 0.06925504926073693 0.10068675014289762
3 0.13209170183949928 0.6621549707026029 0.09275772840284842 0.06899037310890223
3 0.22575045544008027 0.5656974075815636 0.06658857781619633 0.03867087520519455
0 0.4229750162606893 0.20222102711241127 0.07146256099518206 0.2130980906712919
1 0.2357630979498861 0.2118451025056948 0.4214123006833713 0.041002277904328005
3 0.0865265760197775 0.5797280593325093 0.05686032138442521 0.034610630407911035
3 0.04449938195302844 0.5957972805933252 0.04449938195302844 0.0321384425216317
3 0.3090234857849196 0.5679851668726823 0.04449938195302842 0.02595797280593324
3 0.2484548825710754 0.5315203955500618 0.04449938195302845 0.02719406674907283
1 0.3065512978986403 0.3448702101359703 0.07416563658838073 0.024721878862793645
3 0.44746600741656367 0.3232385661310259 0.05438813349814588 0.02595797280593324
3 0.40852904820766384 0.5648949320148331 0.12484548825710753 0.06427688504326319
3 0.4579728059332509 0.6705809641532757 0.05809641532756487 0.13967861557478364
3 0.45117428924598274 0.7966625463535228 0.03461063040791096 0.0605686032138442
