1 0.6002460925071308 0.6154663790894576 0.22498036046639291 0.08011521859715956
1 0.4524103831891223 0.7014833127317677 0.09888751545117422 0.050679851668726884
3 0.5271940667490729 0.7138442521631643 0.04326328800988875 0.055624227441285395
0 0.4482629657608625 0.5837291262221093 0.11290747224359172 0.18902486926174347
0 0.4639524405203392 0.430063427679239 0.07768053915576459 0.07053202328253477
0 0.6216046649205325 0.34397577156203435 0.07801043668199334 0.07150956695849377
0 0.14276885043263288 0.2977750309023486 0.12237330037082816 0.08158220024721878
2 0.5306635987684175 0.1072205159817037 0.15124132756585523 0.02757003367085904
1 0.8713338577368244 0.24665692774469045 0.2573322845263513 0.04607259242611533
1 0.8853803798179569 0.19946061355208455 0.22923924036408563 0.03258793122822783
1 0.7211975784297197 0.145404843052442 0.08900086113063821 0.028063334590741746
