1 0.5037082818294191 0.715080346106304 0.35228677379480844 0.06798516687268219
0 0.046971569839307795 0.484548825710754 0.09394313967861559 0.22002472187886282
0 0.25030902348578493 0.27750309023485786 0.26081582200247216 0.09023485784919653
1 0.37268232385661304 0.34981458590852904 0.7453646477132261 0.09641532756489493
0 0.38479604449938193 0.2053152039555006 0.03807169344870204 0.05438813349814588
0 0.21185290076861635 0.1946908690162389 0.08130721954211666 0.04209522713882631
1 0.3545342173277897 0.2275536577143499 0.7023261040566356 0.05730981009102145
1 0.2994718507697494 0.16687268232385663 0.43263288009888756 0.04157770536015281
0 0.46920393944289807 0.14850185949348804 0.13157565054553286 0.058092359224058795
0 0.5109120194355468 0.09510639672361161 0.037648850265677325 0.04336766296426127
1 0.8113271154062254 0.6416451286661422 0.1618159343746487 0.035959096527699755
