1 0.6514215080346106 0.44993819530284296 0.4870210135970334 0.09641532756489489
1 0.18788627935723112 0.41656365883807167 0.3683559950556242 0.03955500618046976
0 0.3813349814585908 0.5451174289245982 0.06304079110012366 0.2595797280593324
0 0.3727520651338171 0.3626455036272082 0.0667194814834788 0.09011462434132202
1 0.5380241050867818 0.2721814439975564 0.3139144884192762 0.06984405488057238
1 0.5667952505950578 0.3202782859878697 0.37452684778222717 0.0202094924072566
0 0.452331071128025 0.20908596912308866 0.08020373431522622 0.06910411036981542
1 0.2472364084099738 0.2538003995931292 0.4917534101450418 0.033561129120293354
1 0.16810877626699627 0.3108776266996292 0.33621755253399255 0.030902348578492004
3 0.8430160692212607 0.40482076637824477 0.1458590852904821 0.14462299134734244
