1 0.8121137206427688 0.6470951792336217 0.10135970333745363 0.08529048207663792
3 0.8936341161928305 0.5846724351050681 0.21273176761433873 0.03807169344870211
0 0.6424598269468479 0.5030902348578493 0.22707045735475895 0.14412855377008663
1 0.3929542645241038 0.5540791100123609 0.418788627935723 0.08022249690976509
1 0.30117428924598266 0.4147095179233621 0.46637824474660067 0.04894932014833139
0 0.27179773278369185 0.34406072521507525 0.07851699795914896 0.10806640579323734
0 0.49172975394883495 0.34828206919137367 0.09793518025012127 0.06078735325869598
1 0.6448552550243788 0.3999863380448316 0.18066249206890034 0.04592379894317375
1 0.6437721465587378 0.372475383017553 0.18109573545515695 0.02816082010666314
0 0.7948084054388133 0.3053152039555006 0.1038318912237331 0.14338689740420274
1 0.919035846724351 0.280593325092707 0.15451174289245984 0.022249690976514244
1 0.8918417799752781 0.3566131025957972 0.203955500618047 0.02595797280593324
1 0.7042221929199703 0.16356126264763404 0.2595603238318974 0.027909712239988966
1 0.6487516398429923 0.18833113226062423 0.14303727522994364 0.025816483821989776
0 0.7105018781739679 0.2155431016946135 0.0558194244799779 0.03698036871798536
