1 0.4168564920273349 0.49710404870041214 0.2824601366742597 0.034238957513846265
2 0.1518607578185053 0.5015711626885462 0.21497053366033023 0.07259165819609101
1 0.7523423791594236 0.6213769096278124 0.29452759155838376 0.04791127312526261
1 0.6803260965636754 0.37199685709145003 0.23196149654146103 0.025459188644794538
0 0.5595551898684628 0.504401082316503 0.07561616807444466 0.45975939293119233
2 0.19962917181705808 0.36032138442521633 0.1495673671199011 0.07787391841779978
2 0.27935723114956734 0.26576019777503074 0.11619283065512982 0.061804697156983945
0 0.04511742892459825 0.5852904820766378 0.0902348578491965 0.0630407911001236
0 0.11866501854140911 0.5494437577255871 0.051915945611866424 0.040791100123609446
0 0.7830655129789864 0.41718170580964153 0.05809641532756487 0.08281829419035844
