0 0.42284267818477256 0.5914174534212202 0.06378132118451016 0.6372641496152333
3 0.16153692373103276 0.4890342417732175 0.2957389955258468 0.1215764562115833
1 0.20457354758961682 0.3312731767614339 0.4042027194066749 0.05191594561186655
3 0.3331273176761434 0.4029666254635352 0.06304079110012363 0.04449938195302842
3 0.39184177997527814 0.40852904820766384 0.046971569839307815 0.05809641532756494
3 0.39864029666254636 0.465389369592089 0.05315203955500614 0.04573547589616808
3 0.2472187886279357 0.1699629171817058 0.06427688504326326 0.02348578491965393
3 0.2978986402966626 0.15265760197775033 0.0296662546353523 0.03337453646477133
3 0.30346106304079107 0.1946847960444994 0.055624227441285506 0.023485784919653873
0 0.34919653893695923 0.0957972805933251 0.07540173053152038 0.08529048207663782
