2 0.11991480704366214 0.5300087465997187 0.0979903298494547 0.057983275231712234
3 0.11138143512027851 0.41312981778735086 0.09520022787153566 0.0654395900166127
3 0.18214608198022528 0.2718134851889885 0.04677271062041238 0.05159963552603795
3 0.4274322979133543 0.5039892122710417 0.04832003595909654 0.04832003595909641
3 0.4555253420756196 0.6152376671536127 0.05056747949207782 0.05506236655804024
3 0.30213732094965046 0.5950106753567816 0.14833127317676145 0.034835374761209084
3 0.20773124190713688 0.5685761557322817 0.0892481375688094 0.0385586613768157
1 0.100180817633723 0.623103719519047 0.14046522081132712 0.043825148893133915
3 0.10561806088124336 0.581373311910901 0.11574162228763955 0.031060215946938325
3 0.33049831728105855 0.5446068566776987 0.06754150362077337 0.030393676629347867
1 0.8436341161928297 0.5321384425216305 0.31273176761433824 0.033374536464771225
