0 0.6293587505384441 0.2833502024465451 0.06152822925633941 0.11734765373631728
0 0.8894265236837959 0.24782875050474096 0.0475733731363448 0.04123025671816553
1 0.7955484006947422 0.23641114095201818 0.12495939343813234 0.024738154030899295
0 0.8275811386065477 0.29191340961108714 0.04567043821089101 0.05455080119634207
0 0.7730303374102055 0.25607480184837406 0.05835667104724976 0.027275400598171053
0 0.7208112087943568 0.18080450396119999 0.18022924868264417 0.06195380423465892
0 0.6621067299566207 0.2000838346496078 0.086215433865015 0.03206001058297037
1 0.7202632150192008 0.21835172380972193 0.18564137005887024 0.01330188700150418
1 0.471523279802352 0.1447604889889574 0.31406799183659595 0.028705139038828664
1 0.0988875154511743 0.34239802224969096 0.1433868974042027 0.034610630407911035
