0 0.9630424805223688 0.5831871513806803 0.07391503895525915 0.09279151684776435
1 0.6692463205791332 0.29612756264236945 0.6615073588417312 0.04100227790432813
1 0.873918417799753 0.6736711990111249 0.22002472187886282 0.09394313967861563
1 0.8683559950556241 0.1841779975278121 0.15945611866501863 0.034610630407911035
1 0.9598269468479604 0.13288009888751545 0.07540173053152045 0.01854140914709518
1 0.7991347342398022 0.1131025957972806 0.07540173053152045 0.016069221260815815
0 0.852904820766378 0.10630407911001236 0.029666254635352534 0.054388133498145884
0 0.9271561914410157 0.14718456457915 0.04896759012506081 0.039680633377204316
1 0.9752781211372062 0.1718170580964153 0.04944375772558693 0.027194066749072918
1 0.8892927214151902 0.13067558642277313 0.04052490217246387 0.02195098867675135
1 0.9570182249772029 0.08767984719410223 0.08052473669577957 0.025845600629284184
