0 0.6915945611866502 0.657601977750309 0.065512978986403 0.10630407911001243
1 0.6631644004944376 0.5747836835599506 0.22867737948084055 0.08405438813349804
1 0.18974042027194066 0.6514215080346106 0.15698393077873918 0.05438813349814581
1 0.14956736711990112 0.4771322620519159 0.29913473423980225 0.056860321384425205
1 0.15698393077873918 0.37021013597033375 0.31396786155747836 0.04820766378244741
0 0.3207663782447466 0.3683559950556242 0.0877626699629172 0.15080346106304077
0 0.25510427382825995 0.2518826424872846 0.04326005397198287 0.04465553958398236
1 0.14709517923362175 0.26514215080346104 0.1903584672435105 0.023485784919653873
1 0.5469715698393078 0.2323856613102596 0.16687268232385655 0.024721878862793575
1 0.31925627534752393 0.21754797407611853 0.13205215088755115 0.03113893514378937
1 0.7064276885043264 0.4196538936959209 0.4165636588380718 0.08529048207663777
1 0.3881334981458591 0.45302843016069244 0.180469715698393 0.023485784919654255
0 0.5185414091470952 0.4907292954264524 0.07540173053152038 0.07663782447466005
1 0.4221260815822002 0.5055624227441285 0.2286773794808405 0.07911001236093938
0 0.3955500618046972 0.5519159456118665 0.10877626699629168 0.08034610630407911
