1 0.59201270106573 0.40265711835970724 0.38265004749966053 0.027486405488323887
0 0.8429622094584134 0.4318927359933317 0.05473664734180346 0.03469224127297395
0 0.7940076023287723 0.3906475158132405 0.041630689527569015 0.035463179967928866
0 0.9689365671641792 0.5084421641791046 0.06212686567164155 0.048227611940298516
0 0.6726212686567165 0.27807835820895527 0.05848880597014926 0.05335820895522389
0 0.6083255894103315 0.24443369079057267 0.01962638325322665 0.01675422960641299
0 0.5764925531581468 0.20781373179369858 0.02297722917450912 0.018190306429819822
0 0.5391545557495694 0.18699061785429955 0.017232921880881876 0.016754229606413026
0 0.5776892838443192 0.21978103865542212 0.023455921448978217 0.017232921880881876
0 0.6119157814688485 0.23174834551714568 0.017232921880881876 0.013403383685130414
