1 0.26184425254139343 0.6448742902798079 0.5206073844898518 0.06310984938632545
1 0.630121520801231 0.25525039523101306 0.10900719039609763 0.015724254640638157
1 0.5669286727605752 0.20835318793038446 0.09117615768108223 0.009351400787803322
1 0.9057835820895522 0.59375 0.18843283582089554 0.034514925373134275
0 0.9626865671641791 0.37546641791044777 0.07276119402985075 0.04384328358208961
0 0.8772873305081723 0.33302238805970147 0.03313124970054432 0.01783990368490855
0 0.8457195950222993 0.3186615896805423 0.02779102747753569 0.01307813057766385
0 0.8225059132469458 0.3028043563551248 0.061140260450578694 0.025829307890886177
0 0.7459298622288142 0.25822934652411195 0.06579149759052413 0.034314072056409926
0 0.6472555562707443 0.21033556611531876 0.03733799740857755 0.025370690546853966
0 0.5986682904121468 0.18448618329399583 0.030157613291543442 0.01962638325322665
