1 0.20195895522388063 0.24720149253731344 0.3852611940298508 0.037313432835820885
0 0.38432835820895517 0.3255597014925373 0.04850746268656714 0.061567164179104454
1 0.18516791044776115 0.3591417910447761 0.3684701492537313 0.031716417910447776
1 0.5144589552238805 0.3624067164179104 0.3311567164179104 0.01772388059701491
0 0.6786380597014926 0.30457089552238803 0.04384328358208961 0.09608208955223876
1 0.7901119402985075 0.33022388059701496 0.18843283582089554 0.0354477611940299
0 0.6296641791044776 0.2080223880597015 0.059701492537313355 0.0578358208955224
1 0.5307835820895522 0.26026119402985076 0.2388059701492537 0.03171641791044774
1 0.22667910447761194 0.18563432835820895 0.2294776119402985 0.027985074626865655
0 0.3861780059662948 0.16565116227980894 0.07015542124090296 0.053965708646848395
