1 0.4972014925373134 0.5424440298507462 0.5429104477611939 0.1875
0 0.8115671641791045 0.5242537313432836 0.06902985074626869 0.10820895522388049
1 0.8955223880597015 0.4598880597014925 0.19962686567164184 0.02238805970149258
0 0.9076492537313433 0.6441231343283582 0.03358208955223873 0.06809701492537307
1 0.8418843283582089 0.6455223880597015 0.10914179104477612 0.046641791044776254
1 0.6068097014925373 0.699160447761194 0.4319029850746269 0.04570895522388056
0 0.5736940298507462 0.2644589552238806 0.07835820895522395 0.056902985074626856
0 0.21501865671641796 0.4421641791044776 0.2397388059701493 0.3190298507462686
1 0.08955223880597016 0.22294776119402981 0.166044776119403 0.018656716417910425
0 0.8722014925373134 0.2117537313432836 0.25186567164179097 0.13992537313432837
