1 0.6699301754326319 0.6728168666915978 0.32882356441029503 0.028571549994900126
1 0.33371298405466965 0.4111617312072893 0.6583143507972664 0.04783599088838272
3 0.28701594533029595 0.5476840597694896 0.07744874715261955 0.03902823581409585
3 0.403611923299222 0.33791074524869935 0.05135059327508247 0.021608217454866793
3 0.15987616020127152 0.5346891680549416 0.055256179240472034 0.022757794172644816
1 0.3293584720427565 0.19737300287757364 0.45222946950551957 0.021858899341490202
1 0.285819976287863 0.13391308261793253 0.1348380684506121 0.010286540866583599
1 0.4904182803312004 0.13934549049858408 0.06546635124704389 0.008777409779371593
3 0.37738746804278683 0.21730317580657924 0.021858899341490167 0.009297359449835058
3 0.395486404843199 0.1645736561406165 0.03491205599250062 0.01026454541714017
3 0.41062950443164203 0.1272113181170339 0.04462517343622044 0.013027426297106817
3 0.29189159481403215 0.1438261000505067 0.03419514159249716 0.00991559670325508
1 0.9561567164179103 0.6595149253731343 0.07649253731343279 0.02238805970149258
1 0.8376865671641791 0.41417910447761197 0.32089552238805963 0.02611940298507463
0 0.23583715532031804 0.11954864809176736 0.2249739282550434 0.12264933783374636
1 0.9011194029850748 0.12313432835820898 0.13805970149253738 0.01865671641791046
0 0.02098880597014926 0.24020522388059706 0.04197761194029852 0.030783582089552227
