3 0.6194056343831722 0.18795025793931772 0.17192341807380654 0.027205768200724983
3 0.5696561809166276 0.22779043280182212 0.14092397727765224 0.032965070888517245
0 0.5286799204433413 0.36649291979736864 0.12650018699214605 0.20138841668649865
0 0.2852606997737401 0.4021988749664655 0.0691657064865926 0.4123941448074778
3 0.7626588037923 0.3234618909341649 0.14070351194010114 0.03189066059225522
1 0.17092405414427173 0.17333746982626735 0.3319780910110872 0.0252524393975453
3 0.6770397109592442 0.23037189925111343 0.06438461537226436 0.02663242764389919
3 0.7054712188309352 0.2563034735359628 0.055555202685615306 0.018222187335299435
3 0.6183776149880704 0.2670032239690165 0.0955440927947273 0.025604621020407805
3 0.7257020725830511 0.27900995018647384 0.09601691018984711 0.02121171354544046
