1 0.2198177676537586 0.4890333355999047 0.4396355353075171 0.036446469248291605
1 0.6145794376636182 0.22489417944446327 0.38117074082888486 0.020501138952163975
3 0.8389519515180356 0.6777742834800936 0.3220960969639269 0.08903376058205549
1 0.2111584692242752 0.14236902050113961 0.3448681912959312 0.02050113895216408
0 0.4149036990446394 0.28323997892088504 0.0620898922245263 0.2809004521810081
3 0.8451492537313433 0.46548507462686567 0.3097014925373134 0.11753731343283576
3 0.5634328358208954 0.32742537313432835 0.042910447761194064 0.024253731343283534
3 0.6473880597014926 0.36473880597014924 0.03358208955223887 0.014925373134328339
3 0.6651119402985075 0.37826492537313433 0.0391791044776121 0.012126865671641736
3 0.5415111940298507 0.2835820895522388 0.030783582089552227 0.0167910447761194
3 0.5886194029850746 0.28498134328358204 0.024253731343283604 0.008395522388059682
3 0.801816191394642 0.5630522724469315 0.0703867028493893 0.03307327001356839
3 0.763230709712146 0.506658106910975 0.03900949796472204 0.03222523744911773
3 0.6754593392915215 0.4036221503302421 0.024592944369063757 0.014416553595658072
