3 0.6247747594601019 0.42404825247339645 0.06503926835072986 0.03364796178560491
3 0.4129838421786285 0.4193946979226872 0.08519404685003217 0.04503748342569597
3 0.20616096623941793 0.3018223234624146 0.08881701968517328 0.029612756264236827
3 0.46045116105123574 0.23094698772651562 0.10871043416176511 0.039244976710978416
1 0.6366306990106415 0.278631047496005 0.1986982796722535 0.025881412980654727
1 0.21080389623635803 0.2619589977220958 0.2712661068235133 0.027334851936218683
3 0.29261296025566935 0.3588241168870907 0.045341345663482226 0.018743837758813994
0 0.10401119402985076 0.23694029850746268 0.20242537313432837 0.11940298507462685
0 0.32276119402985076 0.11240671641791045 0.19589552238805968 0.1128731343283582
1 0.8880597014925372 0.283115671641791 0.21828358208955223 0.023320895522388092
