3 0.40573789650834663 0.4606795889572638 0.04805485669601861 0.027379475062047288
1 0.45993905755958236 0.29840546697038706 0.8577457246795632 0.03189066059225502
1 0.35762035494509237 0.1857575731819263 0.40527147859789897 0.02050113895216402
3 0.3708022388059702 0.488339552238806 0.05503731343283583 0.028917910447761274
3 0.3908582089552239 0.5130597014925373 0.03917910447761201 0.024253731343283534
0 0.07509328358208955 0.2280783582089552 0.1501865671641791 0.09981343283582088
0 0.2639925373134328 0.11800373134328357 0.2145522388059701 0.1128731343283582
0 0.8689365671641791 0.17910447761194032 0.14085820895522402 0.08395522388059705
1 0.7719216417910448 0.19402985074626866 0.19123134328358204 0.01865671641791046
1 0.8031716417910448 0.23274253731343286 0.2667910447761193 0.01958955223880597
1 0.8138992537313433 0.26119402985074625 0.20429104477611942 0.01865671641791046
