1 0.8352099836806847 0.5153811664910072 0.284021946078265 0.02991661850202263
1 0.30287415428552006 0.3911270101655732 0.5941632951416042 0.07484573147927787
0 0.6694977560942437 0.5606141417060484 0.14142556012647448 0.26018044742120844
0 0.9533582089552237 0.4710820895522388 0.08768656716417908 0.10447761194029852
0 0.830223880597015 0.3078358208955224 0.27052238805970147 0.21082089552238814
0 0.9081156716417911 0.23694029850746268 0.142723880597015 0.0746268656716418
0 0.5293843283582089 0.17723880597014927 0.027052238805970175 0.04477611940298505
0 0.5536380597014925 0.25326492537313433 0.049440298507462656 0.05130597014925372
3 0.6723391142748071 0.08920127355531393 0.03497673601230024 0.01160781651748311
0 0.5741915743167 0.09951141237215377 0.053293382103980276 0.03040665359306855
0 0.6794705254668943 0.10670438418986893 0.02779102747753569 0.021905868717587006
3 0.12266791044776118 0.09794776119402986 0.03451492537313431 0.014925373134328356
3 0.9533582089552237 0.10354477611940299 0.0597014925373135 0.0167910447761194
