0 0.5917887073742902 0.5642477390949577 0.09925245639683158 0.29725589025260946
0 0.6167914697582701 0.17374970251249444 0.13272617550062926 0.17229626355693056
1 0.16177476795974555 0.4214558613538232 0.3123980042838198 0.030545592085132633
1 0.310099913303641 0.34070925271138613 0.6150787916907485 0.053758117159079015
3 0.7560634328358209 0.14925373134328357 0.05130597014925371 0.026119402985074612
0 0.7966417910447761 0.19776119402985073 0.08955223880597003 0.0578358208955224
3 0.9310648148988537 0.21572318982374783 0.050023342682004424 0.014217160551727623
0 0.8960484750214505 0.22809738511877 0.029487444107286934 0.034753059126445225
0 0.9589725745003931 0.2720652705287424 0.031067128613034355 0.03843898963985609
3 0.94347095174711 0.24360495608326194 0.034022756697792575 0.018198218698819345
