1 0.5663654058347736 0.6467175537718335 0.19879003718207355 0.042778316947052294
0 0.3604991056204036 0.07528219744414769 0.04716954746098964 0.04284886007139352
0 0.67316013503353 0.6835142469470827 0.053426051560379904 0.11024423337856164
0 0.8292935528945778 0.159550039545506 0.15707687642765825 0.06638637488477037
3 0.8354508384014073 0.3956071913161465 0.037313432835820774 0.024592944369063757
3 0.9350946647243381 0.4002713704206242 0.04324966078697415 0.013568521031207653
1 0.8625878804638225 0.3430291723202171 0.15943012211668928 0.024592944369063688
1 0.8812445968817328 0.4045115332428763 0.054274084124830466 0.015264586160108562
0 0.9062191559047992 0.4873219131614654 0.13305630936227972 0.1486601085481682
1 0.8295120800243397 0.19597829259054578 0.17075336384126757 0.019403791345598585
0 0.9570409446455208 0.21655014035363063 0.08062786103649403 0.034531090721664714
