3 0.06465997178118518 0.6584120966919385 0.08892539013361439 0.038681875361234255
3 0.3960950515078367 0.4947929061979395 0.1897821541495258 0.10337478325910311
3 0.4308384047869989 0.24373576309794986 0.038724373576309784 0.018223234624145837
3 0.2910723999592015 0.22950417332472028 0.0409597796892528 0.01852709686193149
1 0.7864411569714072 0.6592471866181622 0.4271176860571857 0.06564699282630121
3 0.4710820895522388 0.41977611940298504 0.05037313432835816 0.05410447761194028
3 0.32509328358208955 0.41138059701492535 0.0606343283582089 0.05597014925373131
3 0.24113805970149255 0.22527985074626866 0.02518656716417908 0.023320895522388058
0 0.06716417910447761 0.25886194029850745 0.11380597014925373 0.06996268656716417
0 0.2681902985074627 0.14132462686567163 0.2472014925373135 0.14832089552238803
