1 0.21423137728215383 0.5235599479821841 0.42286573963893453 0.033431220888722274
0 0.4253731343283582 0.5690298507462687 0.02611940298507463 0.059701492537313425
0 0.39458955223880593 0.5998134328358209 0.016791044776119434 0.0317164179104477
0 0.4333022388059702 0.7262126865671641 0.034514925373134345 0.056902985074626856
0 0.447294776119403 0.7938432835820897 0.027052238805970175 0.02985074626865682
0 0.45755597014925364 0.45662313432835816 0.07182835820895499 0.16511194029850748
0 0.41557835820895517 0.3185634328358207 0.028917910447761007 0.10914179104477612
0 0.44589552238805974 0.12033582089552239 0.04850746268656721 0.031716417910447776
1 0.3003731343283582 0.17117537313432835 0.09888059701492537 0.03264925373134329
1 0.3997201492537313 0.18936567164179105 0.0886194029850747 0.014925373134328339
0 0.3484141791044777 0.2294776119402985 0.09794776119402993 0.07462686567164177
