0 0.9207089552238807 0.6515858208955224 0.08582089552238799 0.15018656716417916
0 0.7621268656716418 0.47667910447761197 0.03358208955223873 0.08768656716417922
0 0.8306902985074626 0.5629664179104478 0.08861940298507463 0.07742537313432842
0 0.656249999999998 0.627798507462687 0.05690298507462657 0.16231343283582142
1 0.36473880597014924 0.5088619402985074 0.29664179104477617 0.056902985074626926
0 0.5228544776119404 0.4743470149253731 0.027052238805970106 0.06436567164179102
0 0.38992537313432835 0.34375 0.046641791044776185 0.09981343283582092
1 0.5117028493894162 0.28964552238805963 0.18571913161465395 0.02332089552238804
1 0.7845149253731343 0.3474813432835821 0.14738805970149257 0.06063432835820894
0 0.576026119402985 0.17210820895522386 0.03264925373134332 0.0419776119402985
0 0.6294097693351425 0.22158420822154695 0.03222523744911804 0.04155359565807327
