1 0.2846838557780569 0.20812438377588152 0.565245384693842 0.03768316730697314
1 0.37891302315302694 0.12683592289123868 0.44642462516574233 0.01967667357970964
3 0.9528917910447761 0.3805970149253731 0.0625 0.05597014925373138
0 0.8073694029850748 0.1898320895522388 0.09048507462686572 0.11660447761194029
3 0.8642723880597015 0.2537313432835821 0.023320895522387985 0.016791044776119365
0 0.9001865671641791 0.30830223880597013 0.06716417910447774 0.07555970149253731
3 0.9239738805970148 0.32509328358208955 0.02145522388059689 0.01585820895522385
0 0.7173507462686567 0.07042910447761194 0.07276119402985075 0.08115671641791046
1 0.7522016101557315 0.12880534399204566 0.2096271009084897 0.01286011302680929
0 0.8866180461329717 0.06640094979647218 0.20861601085481696 0.07293080054274084
0 0.8709294436906379 0.08081750339213026 0.12974898236092272 0.06445047489823609
