1 0.4048507462686567 0.17817164179104478 0.22201492537313428 0.044776119402985086
0 0.23554104477611928 0.30410447761194015 0.02705223880597007 0.10447761194029848
0 0.3922574626865672 0.2364738805970149 0.0289179104477612 0.03078358208955219
0 0.4874067164179104 0.2994402985074627 0.17630597014925378 0.09141791044776124
1 0.47621268656716426 0.37406716417910446 0.19123134328358213 0.031716417910447776
1 0.6585820895522387 0.34095149253731344 0.1604477611940299 0.027052238805970175
1 0.8694029850746268 0.3236940298507463 0.24253731343283577 0.035447761194029856
0 0.954757462686567 0.292910447761194 0.07182835820895506 0.02425373134328357
0 0.8950559701492539 0.23367537313432835 0.02332089552238804 0.03264925373134329
0 0.7084888059701493 0.16651119402985073 0.08488805970149257 0.049440298507462684
0 0.2621268656716418 0.22061567164179102 0.055970149253731345 0.05317164179104477
1 0.3129664179104477 0.25186567164179097 0.14645522388059687 0.018656716417910283
0 0.6800373134328358 0.2756529850746269 0.13805970149253732 0.10727611940298509
0 0.6786380597014926 0.3805970149253731 0.04197761194029852 0.05597014925373138
