1 0.3908582089552239 0.1128731343283582 0.20895522388059704 0.027985074626865707
1 0.855410447761194 0.23554104477611942 0.2798507462686565 0.0177238805970148
1 0.15438432835820898 0.3736007462686566 0.30876865671641796 0.036380597014925534
1 0.3810634328358209 0.36660447761194037 0.12406716417910449 0.0335820895522388
1 0.5641791044776122 0.4034514925373132 0.48843283582089525 0.03824626865671644
1 0.6441231343283579 0.3484141791044776 0.41324626865671626 0.027052238805970255
1 0.6086753731343282 0.37266791044776126 0.3964552238805969 0.017723880597014914
1 0.9095149253731344 0.38666044776119407 0.17537313432835802 0.027052238805970106
0 0.8824626865671641 0.3069029850746269 0.22574626865671646 0.11753731343283587
1 0.957089552238806 0.41464552238805974 0.08582089552238799 0.015858208955223888
3 0.8521935945570962 0.42498543499292013 0.08792523958990643 0.040776922708362445
1 0.4734141791044776 0.2248134328358209 0.2845149253731343 0.027985074626865655
