1 0.49907063197026025 0.6263940520446095 0.9981412639405205 0.06691449814126393
1 0.3931226765799256 0.44609665427509293 0.7862453531598512 0.033457249070632
0 0.5032527881040892 0.4121747211895911 0.05669144981412643 0.09014869888475836
0 0.055762081784386616 0.33224907063197023 0.08550185873605948 0.09200743494423796
1 0.3224907063197026 0.28624535315985133 0.5669144981412639 0.05576208178438662
3 0.3717472118959108 0.14869888475836432 0.09293680297397777 0.05018587360594797
3 0.27184014869888473 0.12685873605947956 0.13289962825278814 0.026951672862453542
3 0.2676579925650558 0.18169144981412638 0.09851301115241633 0.03810408921933089
3 0.26208178438661706 0.23187732342007436 0.15055762081784388 0.02323420074349446
3 0.07109665427509293 0.11988847583643125 0.11059479553903344 0.03531598513011153
