3 0.3048327137546468 0.7272304832713755 0.25836431226765794 0.5065055762081784
3 0.5845724907063197 0.591078066914498 0.23791821561338294 0.11895910780669133
3 0.816914498141264 0.9354089219330856 0.31598513011152407 0.11988847583643121
1 0.20353159851301114 0.35501858736059483 0.395910780669145 0.04275092936802977
0 0.7853159851301115 0.5051115241635687 0.10223048327137561 0.10687732342007436
0 0.8513011152416357 0.39684014869888473 0.10223048327137547 0.08364312267658
1 0.266728624535316 0.29693308550185876 0.0855018587360595 0.013940520446096692
3 0.0924721189591078 0.44888475836431224 0.1775092936802974 0.040892193308550165
3 0.9530669144981413 0.5738847583643123 0.09386617100371751 0.054832713754646815
3 0.566449814126394 0.7723048327137546 0.1775092936802974 0.21561338289962834
