1 0.4521375464684016 0.37639405204460963 0.8931226765799258 0.026022304832713707
0 0.9391263940520446 0.42286245353159857 0.12174721189591083 0.06319702602230486
3 0.4837360594795539 0.12221189591078069 0.0920074349442379 0.05669144981412641
3 0.4014869888475836 0.15148698884758363 0.07806691449814124 0.02788104089219331
1 0.18308550185873607 0.1765799256505576 0.3197026022304833 0.020446096654275082
0 0.09433085501858736 0.24117100371747213 0.09014869888475836 0.08643122676579928
3 0.16775092936802974 0.10687732342007436 0.07156133828996282 0.04832713754646841
3 0.23698884758364314 0.10734200743494422 0.0576208178438662 0.025092936802973986
3 0.404275092936803 0.11059479553903345 0.11338289962825279 0.022304832713754656
1 0.24860594795539032 0.19934944237918217 0.21096654275092938 0.019516728624535348
0 0.27184014869888473 0.2342007434944238 0.03810408921933089 0.0408921933085502
1 0.45167286245353155 0.29600371747211895 0.6226765799256505 0.0511152416356877
1 0.5046468401486989 0.21654275092936803 0.28996282527881045 0.03717472118959108
