3 0.7644052044609666 0.32295539033457243 0.17565055762081783 0.11245353159851298
3 0.6189591078066914 0.2788104089219331 0.2118959107806691 0.05018587360594797
3 0.16635687732342005 0.2913568773234201 0.11338289962825276 0.15520446096654278
3 0.29646840148698883 0.2857806691449814 0.09665427509293682 0.08085501858736059
3 0.6473048327137546 0.41682156133828996 0.1087360594795539 0.04553903345724905
3 0.5855018587360594 0.4688661710037175 0.10594795539033455 0.06226765799256505
3 0.6798327137546468 0.5088289962825279 0.08457249070631967 0.043680297397769435
3 0.7727695167286245 0.5399628252788103 0.09758364312267645 0.04460966542750931
3 0.620817843866171 0.608271375464684 0.3643122676579926 0.08457249070631974
1 0.22583643122676578 0.6245353159851301 0.4126394052044609 0.05762081784386616
0 0.9000929368029739 0.6700743494423793 0.19423791821561323 0.10037174721189594
1 0.9237918215613382 0.42657992565055763 0.10408921933085495 0.024163568773234233
3 0.9237918215613383 0.3819702602230483 0.14869888475836432 0.03717472118959108
