1 0.6556691449814127 0.6449814126394051 0.6886617100371748 0.03903345724907055
0 0.7239776951672863 0.5785315985130112 0.08736059479553901 0.16078066914498146
0 0.16403345724907062 0.4684014869888476 0.09386617100371747 0.1263940520446097
1 0.391728624535316 0.37732342007434944 0.7574349442379184 0.06319702602230479
3 0.516728624535316 0.19191449814126393 0.1152416356877324 0.06412639405204461
3 0.4093866171003717 0.24349442379182157 0.09572490706319697 0.059479553903345736
3 0.057156133828996286 0.14869888475836432 0.09572490706319703 0.08550185873605949
3 0.39498141263940517 0.15659851301115243 0.17286245353159851 0.043680297397769526
3 0.21003717472118957 0.14544609665427508 0.1784386617100372 0.03810408921933087
1 0.41078066914498135 0.3034386617100372 0.2230483271375464 0.026951672862453542
1 0.58317843866171 0.32853159851301117 0.13289962825278814 0.03810408921933085
1 0.14591078066914498 0.29646840148698883 0.29182156133828996 0.03159851301115239
3 0.841542750929368 0.9735130111524163 0.3113382899628252 0.052973977695167346
