3 0.6914498141263941 0.36059479553903345 0.1282527881040892 0.06691449814126393
3 0.11152416356877323 0.5074349442379184 0.20817843866171004 0.09107806691449817
3 0.09061338289962824 0.6245353159851301 0.17565055762081783 0.13382899628252795
3 0.4512081784386617 0.7495353159851302 0.3559479553903346 0.18122676579925653
3 0.5762081784386617 0.5734200743494423 0.4386617100371747 0.09293680297397777
3 0.15427509293680294 0.3141263940520444 0.29368029739776946 0.044609665427509194
3 0.30018587360594795 0.1965613382899628 0.1802973977695167 0.04182156133828993
3 0.20817843866171004 0.2388475836431227 0.1003717472118959 0.027881040892193277
3 0.4428438661710037 0.3308550185873606 0.13847583643122682 0.07992565055762083
3 0.32760223048327136 0.2946096654275093 0.11617100371747209 0.035315985130111506
3 0.737453531598513 0.8787174721189591 0.13289962825278806 0.129182156133829
3 0.7355947955390333 0.47862453531598503 0.12918215613382894 0.08364312267657972
3 0.6686802973977695 0.26347583643122674 0.11802973977695175 0.08271375464684012
3 0.2016728624535316 0.4186802973977696 0.12639405204460966 0.03438661710037174
3 0.06784386617100373 0.4093866171003717 0.1338289962825279 0.05111524163568774
3 0.029275092936802975 0.7820631970260223 0.05855018587360595 0.032527881040892194
