3 0.5260223048327137 0.2346654275092937 0.1245353159851301 0.08457249070631971
3 0.40148698884758366 0.19377323420074347 0.17472118959107807 0.032527881040892236
3 0.41496282527881045 0.2885687732342007 0.08085501858736066 0.03252788104089216
3 0.36245353159851307 0.3145910780669145 0.0817843866171004 0.03810408921933085
1 0.2555762081784387 0.38940520446096655 0.5111524163568774 0.052044609665427476
3 0.026486988847583645 0.19842007434944237 0.05111524163568773 0.08457249070631971
3 0.1380111524163569 0.19423791821561337 0.14405204460966545 0.05762081784386616
0 0.7513940520446097 0.8485130111524163 0.10315985130111528 0.28624535315985145
1 0.6668215613382901 0.30018587360594795 0.14591078066914506 0.022304832713754587
1 0.4572490706319703 0.3429368029739777 0.10780669144981417 0.03531598513011154
