1 0.5023234200743495 0.35083643122676583 0.9953531598513011 0.08643122676579924
1 0.33968401486988853 0.1779739776951673 0.6644981412639406 0.0548327137546468
3 0.6793680297397771 0.1338289962825279 0.09479553903345718 0.04275092936802974
1 0.48327137546468407 0.11105947955390334 0.13197026022304834 0.01951672862453531
0 0.2987918215613383 0.23605947955390336 0.0659851301115241 0.04832713754646839
1 0.12964684014869887 0.22304832713754646 0.24442379182156135 0.03531598513011154
0 0.4605018587360595 0.22955390334572492 0.0641263940520446 0.04646840148698882
1 0.5729553903345724 0.2820631970260223 0.4711895910780669 0.043680297397769546
0 0.7588289962825279 0.27276951672862454 0.04739776951672866 0.043680297397769546
3 0.9516728624535316 0.14776951672862454 0.09665427509293678 0.03159851301115243
3 0.7978624535315985 0.125 0.09572490706319697 0.032527881040892194
