0 0.6764980421846061 0.4647436098540401 0.0635618345962015 0.24971843358091264
1 0.15276076266068503 0.6150289022235438 0.29627297040807526 0.027745664739884476
0 0.5789288255264686 0.3068336005920809 0.03153840115724904 0.039247788106798825
0 0.25247277177854793 0.33142185856377765 0.05528895770116286 0.02738119809962349
3 0.7444029850746269 0.5951492537313433 0.10447761194029852 0.027985074626865725
3 0.5533257768034667 0.6020062665658258 0.05957253551924868 0.014017067180999529
1 0.46046270672934425 0.6034079732839251 0.11634165760229649 0.015418773899099633
1 0.6409324466847138 0.5963994396934252 0.10582885721654683 0.009811947026699599
3 0.9260727611940299 0.5864272388059703 0.09542910447761202 0.021548507462686644
1 0.8383395522388061 0.5905317164179106 0.07593283582089555 0.015391791044776185
