1 0.2515135051619124 0.4049475040260429 0.4899374680060939 0.028316655022054577
2 0.6057803468208093 0.4346820809248555 0.19190751445086704 0.1179190751445087
3 0.7625906136638149 0.41488263196360636 0.10274402461149623 0.026669835146677135
1 0.13468208092485554 0.5902386744469541 0.2601156069364163 0.04984151074361959
0 0.6254335260115608 0.8265895953757226 0.423121387283237 0.33526011560693647
0 0.45790025119634303 0.5442334822768979 0.10863216765443591 0.09018144153851199
3 0.8529459581170724 0.42074700553344613 0.05047000189262505 0.01712375064214065
3 0.40785169029443835 0.6112322791712105 0.08069792802617229 0.05125408942202839
1 0.08833151581243184 0.7508178844056707 0.17230098146128678 0.06652126499454739
1 0.3075245365321701 0.6761177753544166 0.18974918211559427 0.0676117775354416
