2 0.23930635838150274 0.8132947954853824 0.4554913294797685 0.3364161893760527
0 0.40782552722896726 0.29101080653176076 0.05063524669524569 0.09393602795272205
1 0.4863902611221249 0.6112657454639892 0.1370460673511254 0.024891078143626667
1 0.646234147183159 0.18845925718229664 0.10528858597187489 0.02166228108014844
1 0.1427745663789569 0.16567272045867887 0.2624277456647398 0.03076740574583723
1 0.9254335251562773 0.34078918997027996 0.14450867052023125 0.06886161677163334
3 0.7398843930635838 0.34971098265895956 0.05780346820809243 0.049710982658959464
1 0.368036624572611 0.5260277376899413 0.37478862397709073 0.10798464227882083
1 0.7050459408161514 0.47131341126736176 0.13313777931153492 0.03805430937796561
1 0.7255052411353635 0.4167829561963957 0.18395845914934 0.06354391419680419
1 0.3313916153055023 0.14937593923581152 0.07696233508861665 0.018412300632854605
0 0.384140567229681 0.21124682274417295 0.09861060854060227 0.04212492015326699
1 0.2503731343283583 0.23087686567164184 0.15802238805970156 0.01436567164179106
1 0.08756137182010588 0.2165111940298505 0.15870483319245074 0.022574626865671635
1 0.35595677183431507 0.2404445937849029 0.04930530427030107 0.012924691410661495
0 0.5613350658737292 0.17389181600217263 0.0126153604628997 0.037145228029649036
