0 0.6636835691484778 0.6171895220429642 0.08973449227849134 0.17983672677077048
0 0.3977795272193944 0.468989409886981 0.05044431024070405 0.09323505305840715
0 0.4012477140103854 0.16912097780882257 0.04642610646191007 0.046832671900612584
1 0.19525601759986194 0.27976878612716743 0.38426149598826675 0.035415408506599716
0 0.46122379032567395 0.2297984423086584 0.08314122226984544 0.059596884617317644
0 0.2502658312483825 0.5656684065223021 0.035884522474333366 0.07156414459494455
1 0.13666044776119401 0.6399253731343283 0.18003731343283583 0.08208955223880593
3 0.15811567164179105 0.41651119402985076 0.09608208955223882 0.013992537313432791
3 0.04477611940298507 0.5321828358208954 0.07276119402985075 0.019589552238805936
3 0.353544776119403 0.416044776119403 0.03544776119402982 0.01865671641791046
3 0.4043843283582089 0.5223880597014926 0.034514925373134345 0.011194029850746362
