3 0.08914890863601065 0.6437872055905445 0.10459623846087475 0.09179967215943421
3 0.15437516176343707 0.5182539254594078 0.09973255111724603 0.041076050383918164
3 0.17512455784660513 0.43630456799553174 0.10678867224570787 0.04709580749957556
3 0.22394260633249943 0.38752642136140103 0.06435704425847658 0.05030087999309798
3 0.33063583815028896 0.17745664739884393 0.07630057803468202 0.05202312138728324
3 0.2168497657545521 0.16060688164429268 0.05962433222853997 0.024696613949746416
3 0.1880708503274746 0.1966726399358662 0.03625730759136482 0.013591136313240009
3 0.13687140097621048 0.15370652416208608 0.04764448128457391 0.016286373641146885
3 0.08379699955035211 0.17607297003212652 0.08435700488105072 0.019545003082458066
0 0.7742537313432837 0.47014925373134325 0.20335820895522388 0.30783582089552236
1 0.33628731343283585 0.29197761194029853 0.6166044776119403 0.035447761194029856
