3 0.8606286247873253 0.43284966200379954 0.06180613776398332 0.028537767889294952
1 0.27421348733477724 0.3975886715862584 0.5364328691245466 0.02662731166109865
0 0.5023302637110106 0.5355669147981722 0.10054178471670601 0.08847487005877251
1 0.14067997455343134 0.5830075928450893 0.2721113941935679 0.04925217990983256
1 0.8965317919075144 0.632369942604398 0.20693641618497097 0.02774566473988443
1 0.10949887277581029 0.7486532282511839 0.17506711085384796 0.07494787892089362
0 0.6671384834294031 0.8257584501854841 0.4371671402692112 0.3405342414114307
2 0.6832061068702289 0.40676117775354415 0.25627044711014174 0.08505997818974911
1 0.3331515812431843 0.6706652126499455 0.16466739367502725 0.054525627044710916
3 0.42966194111232275 0.6052344601962923 0.08287895310796074 0.08069792802617229
