3 0.36743647757442993 0.4377770129033378 0.11830623788333919 0.03006660910324364
3 0.1888992537313433 0.42910447761194026 0.2229477611940299 0.041044776119402965
3 0.1697761194029851 0.34888059701492535 0.09514925373134327 0.05410447761194039
3 0.27332089552238803 0.3013059701492537 0.10261194029850743 0.059701492537313466
3 0.6378121775347311 0.6662401763699607 0.1472492907364007 0.03006660910324399
3 0.44661938118589783 0.6365590366141926 0.0686135438509948 0.037005057357839044
3 0.4940321109256278 0.44305342418049476 0.07555199210558783 0.027753793018379228
3 0.8828049307109979 0.8291472320008964 0.1330408905883805 0.34046194646601735
3 0.86523909254645 0.6203693240201404 0.05165289256198203 0.060133218206489945
3 0.9111831840722917 0.5425045158296866 0.12503854693474747 0.10022203034414734
3 0.8544459508170797 0.4819858282757211 0.08865794991982227 0.02544097693351425
3 0.8845125599203232 0.44266795483301763 0.06398791168126301 0.04856913778216426
3 0.9403323761285393 0.383691144668961 0.11086869372147469 0.06013321820648814
3 0.9141936996760903 0.3397476390565279 0.04625632169729869 0.04163068952756877
3 0.8941492936072609 0.3085246219108513 0.0909707660046874 0.028524731713334184
3 0.913037291633658 0.27229050324796733 0.04856913778216338 0.04856913778216356
3 0.3661380597014926 0.25839552238805974 0.07369402985074622 0.026119402985074595
