3 0.44739884393063556 0.4489097144336121 0.07167630057803462 0.03478560952463096
3 0.5741518203778796 0.4649512552842721 0.08240768699853357 0.04350789405573275
3 0.27658582089552236 0.4388992537313433 0.2565298507462686 0.06063432835820898
3 0.24720149253731344 0.3610074626865672 0.09328358208955223 0.07276119402985082
3 0.35307835820895517 0.310634328358209 0.10354477611940294 0.050373134328358195
3 0.447294776119403 0.27005597014925364 0.06623134328358223 0.02145522388059697
3 0.7201492537313433 0.6935634328358209 0.16231343283582084 0.04197761194029852
3 0.5247201492537313 0.6576492537313432 0.06063432835820898 0.041044776119402895
3 0.9463619402985074 0.8498134328358208 0.10541044776119407 0.29477611940298504
3 0.9552238805970148 0.6613805970149255 0.0597014925373135 0.0708955223880598
3 0.9631529850746269 0.5746268656716418 0.07369402985074629 0.09888059701492537
3 0.9444962686567164 0.5088619402985074 0.11100746268656707 0.025186567164179153
3 0.9645522388059701 0.45708955223880593 0.0708955223880598 0.05783582089552233
3 0.9794776119402985 0.38712686567164184 0.041044776119402965 0.08395522388059697
3 0.9668843283582089 0.3367537313432835 0.06623134328358204 0.01865671641791046
3 0.9850746268656717 0.3078358208955224 0.029850746268656678 0.05037313432835816
