3 0.39653853205072864 0.43526011560693634 0.09556390734190309 0.031760633249935256
3 0.5246673065309296 0.44583944439651474 0.07361206970925721 0.04499719610042287
3 0.230410447761194 0.4197761194029851 0.2182835820895522 0.05223880597014926
3 0.2042910447761194 0.34375 0.1044776119402985 0.04197761194029852
3 0.30970149253731344 0.29850746268656714 0.10261194029850755 0.05410447761194028
3 0.396455223880597 0.261660447761194 0.061567164179104454 0.02518656716417908
3 0.9538246268656717 0.2672574626865672 0.08302238805970148 0.013992537313432791
3 0.9361007462686567 0.2868470149253731 0.034514925373134275 0.0289179104477612
3 0.9253731343283583 0.31763059701492524 0.09701492537313422 0.03264925373134328
3 0.9342350746268656 0.3498134328358209 0.05503731343283576 0.027985074626865725
3 0.9496268656716418 0.38339552238805963 0.09888059701492537 0.044776119402985086
3 0.9039179104477612 0.4375 0.07462686567164184 0.061567164179104454
3 0.8829291044776119 0.48227611940298504 0.10914179104477612 0.027985074626865655
3 0.9351679104477618 0.5466417910447763 0.1259328358208956 0.09514925373134288
3 0.8913246268656717 0.6287313432835822 0.056902985074626995 0.06902985074626869
3 0.915578358208955 0.8306902985074628 0.16884328358208908 0.3367537313432834
